# File generated by CMD 3.0 (http://stev.oapd.inaf.it/cmd) on Mon Nov 20 14:48:43 CET 2017
# isochrones PARSEC release v1.2S + COLIBRI release PR16, as in Marigo et al. 2017
# Basic reference: Marigo et al. (2017), ApJ, 835, 77
# Photometric system: LSST (ABmags) + WFIRST proposed filters (Vegamags)
# O-rich circumstellar dust ignored
# C-rich circumstellar dust ignored
# Kind of output: isochrone tables
# Zini Age Mini  Mass   logL    logTe  logg  label   McoreTP C_O  period0 period1 pmode  Mloss  tau1m   X   Y   Xc  Xn  Xo  Cexcess  Z 	 mbolmag  umag    gmag    rmag    imag    zmag    Ymag    R062mag  Z087mag  Y106mag  J129mag  H158mag  F184mag  W149mag
0.00400 1.00e+10 0.0900000036    0.090 -3.308  3.4130  5.304    1  0.000  0.545     0.00     0.00 -1   4.6e-17      0.00 7.385e-01 2.575e-01 7.193e-04 1.940e-04 1.760e-03 -1.000 4.000e-03 13.039 22.047 18.051 16.504 14.131 12.990 12.474 15.579 12.479 11.473 10.963 10.572 10.536 10.975
0.00400 1.00e+10 0.1000000015    0.100 -3.097  3.4424  5.257    1  0.000  0.545     0.00     0.00 -1  7.48e-17      0.00 7.378e-01 2.582e-01 7.193e-04 1.940e-04 1.760e-03 -1.000 4.000e-03 12.513 21.090 16.858 15.246 13.140 12.274 11.917 14.434 11.787 10.987 10.467 10.077 10.029 10.480
0.00400 1.00e+10 0.1191949472    0.119 -2.836  3.4742  5.199    1  0.000  0.545     0.00     0.00 -1  1.34e-16      0.00 7.365e-01 2.595e-01 7.193e-04 1.940e-04 1.760e-03 -1.000 4.000e-03 11.859 19.572 15.414 13.817 12.210 11.535 11.265 13.271 11.054 10.396 9.878 9.470 9.379 9.875
0.00400 1.00e+10 0.1199999973    0.120 -2.826  3.4754  5.196    1  0.000  0.545     0.00     0.00 -1  1.37e-16      0.00 7.365e-01 2.595e-01 7.193e-04 1.940e-04 1.760e-03 -1.000 4.000e-03 11.834 19.502 15.360 13.766 12.178 11.509 11.240 13.229 11.028 10.373 9.855 9.447 9.355 9.852
0.00400 1.00e+10 0.1400000006    0.140 -2.640  3.4946  5.154    1  0.000  0.545     0.00     0.00 -1  2.04e-16      0.00 7.354e-01 2.606e-01 7.193e-04 1.940e-04 1.760e-03 -1.000 4.000e-03 11.370 18.316 14.463 12.913 11.606 11.024 10.781 12.509 10.541 9.945 9.435 9.024 8.904 9.423
0.00400 1.00e+10 0.1599999964    0.160 -2.496  3.5078  5.122    1  0.000  0.545     0.00     0.00 -1  2.76e-16      0.00 7.344e-01 2.616e-01 7.193e-04 1.940e-04 1.760e-03 -1.000 4.000e-03 11.011 17.492 13.844 12.328 11.181 10.654 10.428 11.993 10.171 9.609 9.107 8.695 8.560 9.089
0.00400 1.00e+10 0.1999999881    0.200 -2.274  3.5254  5.066    1  0.000  0.545     0.00     0.00 -1  4.39e-16      0.00 7.330e-01 2.630e-01 7.193e-04 1.940e-04 1.760e-03 -1.000 4.000e-03 10.454 16.370 12.975 11.509 10.542 10.083 9.876 11.244 9.599 9.078 8.589 8.180 8.028 8.566
0.00400 1.00e+10 0.2500000000    0.250 -2.064  3.5387  5.008    1  0.000  0.545     0.00     0.00 -1         0      0.00 7.323e-01 2.637e-01 7.192e-04 1.941e-04 1.760e-03 -1.000 4.000e-03 9.931 15.481 12.245 10.819 9.964 9.551 9.358 10.593 9.066 8.574 8.095 7.688 7.525 8.068
0.00400 1.00e+10 0.3000000119    0.300 -1.902  3.5480  4.961    1  0.000  0.545     0.00     0.00 -1         0      0.00 7.321e-01 2.639e-01 7.192e-04 1.941e-04 1.760e-03 -1.000 4.000e-03 9.525 14.867 11.713 10.310 9.521 9.140 8.957 10.106 8.655 8.181 7.708 7.302 7.132 7.678
0.00400 1.00e+10 0.3499999642    0.350 -1.762  3.5559  4.920    1  0.000  0.545     0.00     0.00 -1         0      0.00 7.397e-01 2.563e-01 7.193e-04 1.940e-04 1.760e-03 -1.000 4.000e-03 9.174 14.346 11.257 9.875 9.140 8.785 8.610 9.688 8.300 7.842 7.375 6.969 6.792 7.342
0.00400 1.00e+10 0.3999999762    0.400 -1.606  3.5678  4.870    1  0.000  0.545     0.00     0.00 -1         0      0.00 7.399e-01 2.561e-01 7.193e-04 1.940e-04 1.760e-03 -1.000 4.000e-03 8.786 13.733 10.732 9.382 8.717 8.398 8.235 9.216 7.912 7.476 7.018 6.610 6.424 6.980
0.00400 1.00e+10 0.4499999881    0.450 -1.436  3.5827  4.810    1  0.000  0.545     0.00     0.00 -1   2.7e-15      0.00 7.399e-01 2.561e-01 7.193e-04 1.940e-04 1.760e-03 -1.000 4.000e-03 8.361 12.975 10.188 8.878 8.257 7.953 7.792 8.724 7.467 7.042 6.601 6.199 6.037 6.565
0.00400 1.00e+10 0.4999999702    0.500 -1.250  3.6039  4.755    1  0.000  0.545     0.00     0.00 -1  4.19e-15      0.00 7.399e-01 2.561e-01 7.193e-04 1.940e-04 1.760e-03 -1.000 4.000e-03 7.895 11.719 9.360 8.221 7.737 7.499 7.363 8.096 7.013 6.631 6.198 5.756 5.600 6.141
0.00400 1.00e+10 0.5500000119    0.550 -1.040  3.6338  4.706    1  0.000  0.544     0.00     0.00 -1  6.85e-15      0.00 7.672e-01 2.292e-01 6.493e-04 1.753e-04 1.591e-03 -1.000 3.613e-03 7.371 10.762 8.558 7.576 7.195 7.015 6.903 7.466 6.527 6.184 5.749 5.287 5.122 5.680
0.00400 1.00e+10 0.5999999642    0.600 -0.844  3.6658  4.675    1  0.000  0.544     0.00     0.00 -1  1.07e-14      0.00 7.715e-01 2.249e-01 6.389e-04 1.725e-04 1.565e-03 -1.000 3.600e-03 6.879 9.714 7.760 6.961 6.671 6.541 6.457 6.856 6.052 5.756 5.349 4.926 4.783 5.296
0.00400 1.00e+10 0.6302005053    0.630 -0.725  3.6858  4.657    1  0.000  0.544     0.00     0.00 -1   1.4e-14      0.00 7.743e-01 2.221e-01 6.323e-04 1.707e-04 1.550e-03 -1.000 3.539e-03 6.582 9.068 7.300 6.602 6.355 6.252 6.186 6.495 5.763 5.498 5.121 4.739 4.612 5.082
0.00400 1.00e+10 0.6499999166    0.650 -0.649  3.6985  4.646    1  0.000  0.544     0.00     0.00 -1  1.66e-14      0.00 7.762e-01 2.203e-01 6.280e-04 1.696e-04 1.540e-03 -1.000 3.500e-03 6.393 8.665 7.022 6.382 6.160 6.071 6.016 6.273 5.583 5.337 4.980 4.625 4.509 4.950
0.00400 1.00e+10 0.6592228413    0.659 -0.614  3.7040  4.639    1  0.000  0.544     0.00     0.00 -1   1.8e-14      0.00 7.772e-01 2.193e-01 6.254e-04 1.689e-04 1.533e-03 -1.000 3.500e-03 6.305 8.489 6.901 6.284 6.071 5.989 5.938 6.174 5.500 5.263 4.914 4.570 4.459 4.888
0.00400 1.00e+10 0.6731725335    0.673 -0.561  3.7122  4.628    1  0.000  0.544     0.00     0.00 -1  2.04e-14      0.00 7.788e-01 2.177e-01 6.214e-04 1.679e-04 1.524e-03 -1.000 3.473e-03 6.173 8.227 6.720 6.137 5.939 5.866 5.821 6.026 5.377 5.152 4.816 4.487 4.383 4.794
0.00400 1.00e+10 0.6861817837    0.686 -0.512  3.7197  4.617    1  0.000  0.544     0.00     0.00 -1  2.29e-14      0.00 7.804e-01 2.162e-01 6.178e-04 1.669e-04 1.516e-03 -1.000 3.433e-03 6.050 7.989 6.556 6.003 5.818 5.752 5.714 5.891 5.264 5.049 4.724 4.410 4.312 4.706
0.00400 1.00e+10 0.6982077360    0.698 -0.466  3.7265  4.607    1  0.000  0.543     0.00     0.00 -1         0      0.00 7.818e-01 2.148e-01 6.144e-04 1.660e-04 1.507e-03 -1.000 3.468e-03 5.936 7.775 6.408 5.880 5.707 5.649 5.616 5.769 5.160 4.955 4.640 4.338 4.245 4.626
0.00400 1.00e+10 0.6999999881    0.700 -0.460  3.7275  4.605    1  0.000  0.543     0.00     0.00 -1  2.59e-14      0.00 7.820e-01 2.145e-01 6.138e-04 1.659e-04 1.506e-03 -1.000 3.456e-03 5.919 7.744 6.386 5.863 5.691 5.634 5.601 5.751 5.145 4.941 4.628 4.327 4.235 4.613
0.00400 1.00e+10 0.7118741274    0.712 -0.414  3.7340  4.593    1  0.000  0.542     0.00     0.00 -1   2.9e-14      0.00 7.836e-01 2.130e-01 6.079e-04 1.648e-04 1.497e-03 -1.000 3.399e-03 5.806 7.540 6.243 5.744 5.582 5.532 5.504 5.632 5.043 4.848 4.544 4.254 4.167 4.532
0.00400 1.00e+10 0.7243711352    0.724 -0.367  3.7407  4.579    1  0.000  0.540     0.00     0.00 -1  3.26e-14      0.00 7.854e-01 2.113e-01 6.017e-04 1.636e-04 1.487e-03 -1.000 3.362e-03 5.686 7.331 6.094 5.621 5.469 5.425 5.402 5.507 4.937 4.750 4.455 4.176 4.094 4.446
0.00400 1.00e+10 0.7358178496    0.736 -0.322  3.7467  4.566    1  0.000  0.538     0.00     0.00 -1  3.63e-14      0.00 7.870e-01 2.097e-01 5.961e-04 1.625e-04 1.478e-03 -1.000 3.319e-03 5.576 7.148 5.961 5.509 5.367 5.329 5.309 5.395 4.840 4.660 4.374 4.103 4.026 4.367
0.00400 1.00e+10 0.7467201948    0.747 -0.280  3.7522  4.552    1  0.000  0.536     0.00     0.00 -1         0      0.00 7.885e-01 2.081e-01 5.907e-04 1.615e-04 1.469e-03 -1.000 3.366e-03 5.470 6.976 5.833 5.401 5.268 5.235 5.220 5.287 4.747 4.574 4.294 4.032 3.959 4.290
0.00400 1.00e+10 0.7477272749    0.748 -0.276  3.7527  4.551    1  0.000  0.536     0.00     0.00 -1  4.08e-14      0.00 7.887e-01 2.080e-01 5.902e-04 1.614e-04 1.468e-03 -1.000 3.363e-03 5.460 6.960 5.821 5.391 5.259 5.227 5.211 5.277 4.738 4.566 4.287 4.026 3.952 4.282
0.00400 1.00e+10 0.7550667524    0.755 -0.247  3.7559  4.539    1  0.000  0.536     0.00     0.00 -1  4.39e-14      0.00 7.901e-01 2.066e-01 5.867e-04 1.605e-04 1.460e-03 -1.000 3.336e-03 5.389 6.855 5.738 5.320 5.193 5.163 5.150 5.206 4.675 4.506 4.231 3.974 3.903 4.227
0.00400 1.00e+10 0.7654126287    0.765 -0.207  3.7602  4.521    1  0.000  0.536     0.00     0.00 -1         0      0.00 7.922e-01 2.046e-01 5.817e-04 1.591e-04 1.448e-03 -1.000 3.294e-03 5.286 6.706 5.621 5.218 5.097 5.072 5.062 5.104 4.584 4.419 4.150 3.900 3.831 4.148
0.00400 1.00e+10 0.7755789161    0.775 -0.166  3.7643  4.502    1  0.000  0.535     0.00     0.00 -1         0      0.00 7.943e-01 2.025e-01 5.766e-04 1.578e-04 1.436e-03 -1.000 3.269e-03 5.185 6.561 5.505 5.117 5.002 4.981 4.973 5.002 4.493 4.333 4.069 3.824 3.759 4.068
0.00400 1.00e+10 0.7893859744    0.789 -0.110  3.7696  4.475    1  0.000  0.535     0.00     0.00 -1         0      0.00 7.972e-01 1.996e-01 5.694e-04 1.559e-04 1.419e-03 -1.000 3.225e-03 5.044 6.372 5.347 4.978 4.871 4.855 4.850 4.863 4.366 4.213 3.955 3.718 3.656 3.956
0.00400 1.00e+10 0.7954545617    0.795 -0.085  3.7718  4.462    1  0.000  0.535     0.00     0.00 -1  6.79e-14      0.00 7.985e-01 1.983e-01 5.662e-04 1.550e-04 1.412e-03 -1.000 3.199e-03 4.982 6.290 5.277 4.916 4.813 4.799 4.795 4.801 4.310 4.159 3.904 3.669 3.609 3.905
0.00400 1.00e+10 0.8041982055    0.804 -0.047  3.7746  4.441    1  0.000  0.535     0.00     0.00 -1  7.54e-14      0.00 8.011e-01 1.958e-01 5.601e-04 1.534e-04 1.397e-03 -1.000 3.186e-03 4.888 6.172 5.174 4.823 4.724 4.713 4.711 4.708 4.224 4.077 3.825 3.595 3.536 3.827
0.00400 1.00e+10 0.8134912848    0.813 -0.006  3.7775  4.416    1  0.000  0.534     0.00     0.00 -1  8.47e-14      0.00 8.038e-01 1.930e-01 5.534e-04 1.516e-04 1.381e-03 -1.000 3.172e-03 4.786 6.045 5.062 4.722 4.627 4.619 4.619 4.606 4.130 3.985 3.737 3.511 3.454 3.740
0.00400 1.00e+10 0.8225791454    0.822  0.035  3.7803  4.391    1  0.000  0.534     0.00     0.00 -1         0      0.00 8.067e-01 1.902e-01 5.465e-04 1.497e-04 1.364e-03 -1.000 3.115e-03 4.682 5.919 4.949 4.619 4.529 4.523 4.525 4.504 4.034 3.893 3.647 3.426 3.371 3.651
0.00400 1.00e+10 0.8312547803    0.830  0.076  3.7827  4.364    1  0.000  0.534     0.00     0.00 -1         0      0.00 8.095e-01 1.874e-01 5.397e-04 1.479e-04 1.348e-03 -1.000 3.061e-03 4.580 5.802 4.840 4.518 4.432 4.428 4.431 4.402 3.939 3.800 3.558 3.339 3.286 3.562
0.00400 1.00e+10 0.8393830061    0.838  0.115  3.7847  4.337    1  0.000  0.534     0.00     0.00 -1         0      0.00 8.122e-01 1.847e-01 5.332e-04 1.462e-04 1.332e-03 -1.000 3.016e-03 4.482 5.692 4.735 4.421 4.338 4.336 4.340 4.305 3.847 3.710 3.470 3.255 3.202 3.475
0.00400 1.00e+10 0.8431818485    0.842  0.134  3.7856  4.324    1  0.000  0.534     0.00     0.00 -1  1.28e-13      0.00 8.135e-01 1.835e-01 5.301e-04 1.453e-04 1.325e-03 -1.000 2.998e-03 4.436 5.640 4.686 4.375 4.294 4.293 4.297 4.259 3.803 3.667 3.428 3.214 3.162 3.434
0.00400 1.00e+10 0.8478860855    0.847  0.157  3.7865  4.307    1  0.000  0.533     0.00     0.00 -1  1.37e-13      0.00 8.155e-01 1.815e-01 5.254e-04 1.441e-04 1.313e-03 -1.000 2.977e-03 4.378 5.577 4.626 4.318 4.238 4.238 4.243 4.202 3.749 3.614 3.376 3.163 3.112 3.381
0.00400 1.00e+10 0.8580500484    0.857  0.208  3.7881  4.267    1  0.000  0.533     0.00     0.00 -1   1.6e-13      0.00 8.192e-01 1.779e-01 5.170e-04 1.419e-04 1.293e-03 -1.000 2.906e-03 4.249 5.440 4.491 4.190 4.113 4.114 4.120 4.073 3.625 3.491 3.255 3.045 2.994 3.261
0.00400 1.00e+10 0.8665890098    0.865  0.255  3.7890  4.228    1  0.000  0.533     0.00     0.00 -1  1.86e-13      0.00 8.207e-01 1.764e-01 5.139e-04 1.410e-04 1.286e-03 -1.000 2.905e-03 4.133 5.319 4.371 4.073 3.998 4.000 4.006 3.957 3.511 3.378 3.143 2.935 2.884 3.150
0.00400 1.00e+10 0.8681632876    0.867  0.264  3.7892  4.221    1  0.000  0.533     0.00     0.00 -1  1.91e-13      0.00 8.208e-01 1.762e-01 5.135e-04 1.409e-04 1.285e-03 -1.000 2.906e-03 4.111 5.296 4.348 4.051 3.976 3.978 3.985 3.935 3.489 3.356 3.122 2.913 2.863 3.128
0.00400 1.00e+10 0.8732818961    0.872  0.294  3.7891  4.193    1  0.000  0.533     0.00     0.00 -1  2.11e-13      0.00 8.214e-01 1.757e-01 5.126e-04 1.407e-04 1.283e-03 -1.000 2.905e-03 4.034 5.221 4.272 3.975 3.900 3.902 3.908 3.858 3.413 3.280 3.045 2.837 2.787 3.052
0.00400 1.00e+10 0.8803030849    0.879  0.338  3.7884  4.149    1  0.000  0.533     0.00     0.00 -1  2.44e-13      0.00 8.220e-01 1.752e-01 5.117e-04 1.404e-04 1.281e-03 -1.000 2.889e-03 3.925 5.118 4.163 3.865 3.789 3.791 3.796 3.748 3.301 3.168 2.932 2.723 2.672 2.938
0.00400 1.00e+10 0.8883311749    0.887  0.392  3.7860  4.090    1  0.000  0.532     0.00     0.00 -1  2.95e-13      0.00 8.216e-01 1.755e-01 5.136e-04 1.410e-04 1.286e-03 -1.000 2.902e-03 3.790 5.000 4.033 3.729 3.649 3.649 3.653 3.612 3.160 3.023 2.785 2.573 2.521 2.791
0.00400 1.00e+10 0.8896911740    0.888  0.401  3.7855  4.079    1  0.000  0.532     0.00     0.00 -1  3.06e-13      0.00 8.213e-01 1.757e-01 5.144e-04 1.412e-04 1.288e-03 -1.000 2.920e-03 3.767 4.980 4.011 3.705 3.625 3.624 3.628 3.588 3.135 2.998 2.759 2.546 2.493 2.765
0.00400 1.00e+10 0.8909090757    0.889  0.411  3.7846  4.067    1  0.000  0.532     0.00     0.00 -1  3.16e-13      0.00 8.200e-01 1.771e-01 5.184e-04 1.423e-04 1.298e-03 -1.000 2.944e-03 3.744 4.962 3.991 3.682 3.600 3.599 3.602 3.565 3.109 2.972 2.732 2.517 2.465 2.737
0.00400 1.00e+10 0.8921597600    0.891  0.420  3.7838  4.055    2  0.000  0.533     0.00     0.00 -1  3.27e-13      0.00 8.184e-01 1.786e-01 5.231e-04 1.436e-04 1.310e-03 -1.000 2.971e-03 3.720 4.945 3.969 3.658 3.575 3.572 3.575 3.541 3.083 2.944 2.704 2.488 2.435 2.709
0.00400 1.00e+10 0.8976964355    0.896  0.463  3.7777  3.990    2  0.000  0.533     0.00     0.00 -1  3.87e-13      0.00 8.056e-01 1.912e-01 5.581e-04 1.532e-04 1.396e-03 -1.000 3.164e-03 3.613 4.881 3.880 3.548 3.457 3.448 3.447 3.432 2.959 2.814 2.565 2.341 2.284 2.568
0.00400 1.00e+10 0.9018249512    0.900  0.493  3.7689  3.927    2  0.000  0.534     0.00     0.00 -1  4.46e-13      0.00 7.880e-01 2.086e-01 6.016e-04 1.649e-04 1.502e-03 -1.000 3.421e-03 3.537 4.877 3.832 3.470 3.365 3.348 3.342 3.354 2.859 2.704 2.445 2.207 2.145 2.445
0.00400 1.00e+10 0.9045488238    0.903  0.509  3.7587  3.871    2  0.000  0.535     0.00     0.00 -1  4.93e-13      0.00 7.738e-01 2.226e-01 6.343e-04 1.737e-04 1.581e-03 -1.000 3.578e-03 3.497 4.934 3.828 3.431 3.309 3.283 3.270 3.316 2.794 2.627 2.355 2.101 2.033 2.352
0.00400 1.00e+10 0.9063349366    0.904  0.517  3.7483  3.822    2  0.000  0.536     0.00     0.00 -1  5.32e-13      0.00 7.653e-01 2.310e-01 6.530e-04 1.787e-04 1.625e-03 -1.000 3.687e-03 3.477 5.020 3.848 3.413 3.275 3.238 3.218 3.298 2.749 2.570 2.284 2.014 1.938 2.277
0.00400 1.00e+10 0.9076735973    0.906  0.529  3.7393  3.775    2  0.000  0.536     0.00     0.00 -1  5.76e-13      0.00 7.601e-01 2.361e-01 6.641e-04 1.816e-04 1.651e-03 -1.000 3.765e-03 3.447 5.091 3.855 3.387 3.235 3.189 3.164 3.273 2.700 2.510 2.212 1.928 1.845 2.202
0.00400 1.00e+10 0.9089930654    0.907  0.553  3.7310  3.719    2  0.000  0.537     0.00     0.00 -1  6.47e-13      0.00 7.559e-01 2.403e-01 6.729e-04 1.839e-04 1.672e-03 -1.000 3.810e-03 3.388 5.140 3.834 3.335 3.169 3.114 3.084 3.221 2.626 2.425 2.115 1.816 1.727 2.101
0.00400 1.00e+10 0.9102813005    0.908  0.592  3.7243  3.654    2  0.000  0.537     0.00     0.00 -1  7.61e-13      0.00 7.522e-01 2.439e-01 6.795e-04 1.857e-04 1.688e-03 -1.000 3.848e-03 3.291 5.130 3.768 3.244 3.067 3.005 2.969 3.130 2.517 2.307 1.987 1.677 1.583 1.970
0.00400 1.00e+10 0.9108084440    0.909  0.611  3.7219  3.625    2  0.000  0.537     0.00     0.00 -1  8.26e-13      0.00 7.508e-01 2.454e-01 6.818e-04 1.863e-04 1.693e-03 -1.000 3.800e-03 3.242 5.116 3.732 3.199 3.018 2.953 2.916 3.085 2.465 2.252 1.928 1.613 1.518 1.910
0.00400 1.00e+10 0.9113078713    0.909  0.634  3.7202  3.595    3  0.000  0.537     0.00     0.00 -1  8.99e-13      0.00 7.495e-01 2.467e-01 6.836e-04 1.868e-04 1.698e-03 -1.000 3.817e-03 3.184 5.082 3.682 3.143 2.959 2.892 2.854 3.029 2.405 2.189 1.862 1.545 1.448 1.844
0.00400 1.00e+10 0.9122903347    0.910  0.684  3.7173  3.534    3  0.000  0.537     0.00     0.00 -1  1.08e-12      0.00 7.468e-01 2.493e-01 6.865e-04 1.877e-04 1.705e-03 -1.000 3.884e-03 3.059 5.000 3.573 3.022 2.834 2.764 2.724 2.909 2.276 2.056 1.725 1.402 1.302 1.705
0.00400 1.00e+10 0.9131885767    0.911  0.736  3.7151  3.474    3  0.000  0.536     0.00     0.00 -1   1.3e-12      0.00 7.441e-01 2.520e-01 6.879e-04 1.886e-04 1.711e-03 -1.000 3.896e-03 2.930 4.903 3.455 2.896 2.704 2.631 2.590 2.783 2.144 1.921 1.586 1.259 1.157 1.565
0.00400 1.00e+10 0.9138537645    0.912  0.778  3.7136  3.426    3  0.000  0.534     0.00     0.00 -1  1.51e-12      0.00 7.419e-01 2.542e-01 6.871e-04 1.898e-04 1.715e-03 -1.000 3.893e-03 2.825 4.823 3.359 2.794 2.599 2.525 2.482 2.681 2.038 1.813 1.475 1.145 1.043 1.453
0.00400 1.00e+10 0.9144906998    0.912  0.821  3.7122  3.378    3  0.000  0.531     0.00     0.00 -1  1.76e-12      0.00 7.397e-01 2.564e-01 6.835e-04 1.929e-04 1.718e-03 -1.000 3.900e-03 2.718 4.736 3.259 2.688 2.491 2.416 2.372 2.575 1.928 1.701 1.362 1.029 0.925 1.339
0.00400 1.00e+10 0.9152307510    0.913  0.875  3.7105  3.317    3  0.000  0.522     0.00     0.00 -1  2.14e-12      0.00 7.370e-01 2.591e-01 6.743e-04 2.016e-04 1.721e-03 -1.000 3.902e-03 2.582 4.626 3.131 2.554 2.354 2.277 2.232 2.441 1.790 1.560 1.218 0.883 0.777 1.195
0.00400 1.00e+10 0.9157935381    0.913  0.921  3.7092  3.267    3  0.000  0.514     0.00     0.00 -1  2.52e-12      0.00 7.350e-01 2.611e-01 6.637e-04 2.132e-04 1.723e-03 -1.000 3.928e-03 2.468 4.535 3.025 2.443 2.241 2.162 2.116 2.330 1.675 1.443 1.099 0.761 0.654 1.075
0.00400 1.00e+10 0.9162722230    0.914  0.962  3.7079  3.221    3  0.000  0.506     0.00     0.00 -1  2.92e-12      0.00 7.333e-01 2.627e-01 6.537e-04 2.252e-04 1.724e-03 -1.000 3.950e-03 2.365 4.452 2.930 2.343 2.138 2.057 2.011 2.229 1.570 1.337 0.991 0.650 0.542 0.966
0.00400 1.00e+10 0.9168374538    0.914  1.015  3.7062  3.161    3  0.000  0.496     0.00     0.00 -1  3.54e-12      0.00 7.315e-01 2.646e-01 6.418e-04 2.399e-04 1.726e-03 -1.000 3.923e-03 2.232 4.347 2.806 2.213 2.005 1.923 1.875 2.099 1.435 1.200 0.851 0.507 0.398 0.825
0.00400 1.00e+10 0.9172498584    0.915  1.058  3.7048  3.113    3  0.000  0.490     0.00     0.00 -1  4.12e-12      0.00 7.303e-01 2.657e-01 6.346e-04 2.492e-04 1.727e-03 -1.000 3.902e-03 2.126 4.264 2.709 2.109 1.899 1.815 1.766 1.996 1.328 1.090 0.739 0.392 0.281 0.712
0.00400 1.00e+10 0.9176195860    0.915  1.099  3.7034  3.066    3  0.000  0.485     0.00     0.00 -1  4.78e-12      0.00 7.294e-01 2.667e-01 6.290e-04 2.564e-04 1.728e-03 -1.000 3.901e-03 2.023 4.184 2.614 2.009 1.796 1.710 1.660 1.895 1.223 0.983 0.630 0.280 0.168 0.602
0.00400 1.00e+10 0.9179686308    0.915  1.140  3.7019  3.019    3  0.000  0.482     0.00     0.00 -1  5.56e-12      0.00 7.286e-01 2.675e-01 6.244e-04 2.623e-04 1.728e-03 -1.000 3.922e-03 1.919 4.105 2.519 1.908 1.692 1.605 1.554 1.794 1.118 0.876 0.519 0.167 0.054 0.491
0.00400 1.00e+10 0.9183748364    0.916  1.194  3.6999  2.957    3  0.000  0.479     0.00     0.00 -1  6.74e-12      0.00 7.279e-01 2.681e-01 6.206e-04 2.672e-04 1.729e-03 -1.000 3.954e-03 1.785 4.006 2.397 1.777 1.558 1.469 1.416 1.664 0.981 0.737 0.377 0.021 -0.094 0.348
0.00400 1.00e+10 0.9187404513    0.916  1.247  3.6977  2.896    3  0.000  0.477     0.00     0.00 -1  8.18e-12      0.00 7.275e-01 2.686e-01 6.180e-04 2.705e-04 1.729e-03 -1.000 3.909e-03 1.653 3.911 2.277 1.648 1.425 1.333 1.280 1.534 0.846 0.598 0.236 -0.125 -0.241 0.205
0.00400 1.00e+10 0.9190593362    0.916  1.298  3.6956  2.837    3  0.000  0.475     0.00     0.00 -1  9.85e-12      0.00 7.272e-01 2.689e-01 6.165e-04 2.724e-04 1.730e-03 -1.000 3.934e-03 1.525 3.822 2.163 1.525 1.298 1.204 1.148 1.411 0.717 0.466 0.099 -0.265 -0.384 0.067
0.00400 1.00e+10 0.9193450809    0.916  1.348  3.6934  2.778    3  0.000  0.475     0.00     0.00 -1  1.18e-11      0.00 7.270e-01 2.690e-01 6.160e-04 2.732e-04 1.730e-03 -1.000 3.984e-03 1.400 3.735 2.052 1.405 1.174 1.077 1.020 1.291 0.590 0.336 -0.034 -0.403 -0.524 -0.068
0.00400 1.00e+10 0.9196100235    0.916  1.399  3.6911  2.718    3  0.000  0.475     0.00     0.00 -1  1.42e-11      0.00 7.270e-01 2.690e-01 6.158e-04 2.734e-04 1.730e-03 -1.000 3.993e-03 1.273 3.649 1.941 1.283 1.048 0.948 0.890 1.169 0.462 0.204 -0.170 -0.543 -0.667 -0.205
0.00400 1.00e+10 0.9198522568    0.917  1.450  3.6887  2.657    3  0.000  0.475     0.00     0.00 -1  1.72e-11      0.00 7.270e-01 2.690e-01 6.157e-04 2.736e-04 1.730e-03 -1.000 3.993e-03 1.145 3.565 1.829 1.161 0.922 0.819 0.759 1.047 0.333 0.071 -0.307 -0.685 -0.811 -0.344
0.00400 1.00e+10 0.9200590849    0.917  1.498  3.6864  2.600    3  0.000  0.475     0.00     0.00 -1  2.05e-11      0.00 7.270e-01 2.690e-01 6.156e-04 2.737e-04 1.730e-03 -1.000 3.993e-03 1.026 3.488 1.726 1.047 0.805 0.699 0.637 0.934 0.213 -0.053 -0.435 -0.818 -0.946 -0.473
0.00400 1.00e+10 0.9202560186    0.917  1.547  3.6840  2.541    3  0.000  0.474     0.00     0.00 -1  2.45e-11      0.00 7.270e-01 2.690e-01 6.155e-04 2.738e-04 1.730e-03 -1.000 3.993e-03 0.903 3.410 1.620 0.931 0.684 0.575 0.511 0.817 0.089 -0.181 -0.567 -0.955 -1.086 -0.607
0.00400 1.00e+10 0.9204334617    0.917  1.594  3.6815  2.484    3  0.000  0.474     0.00     0.00 -1  2.93e-11      0.00 7.270e-01 2.690e-01 6.154e-04 2.739e-04 1.730e-03 -1.000 3.993e-03 0.784 3.336 1.518 0.817 0.566 0.454 0.389 0.704 -0.032 -0.305 -0.696 -1.089 -1.222 -0.737
0.00400 1.00e+10 0.9205986261    0.917  1.642  3.6790  2.426    3  0.000  0.474     0.00     0.00 -1  3.49e-11      0.00 7.270e-01 2.690e-01 6.154e-04 2.740e-04 1.730e-03 -1.000 3.993e-03 0.665 3.265 1.419 0.707 0.450 0.335 0.268 0.593 -0.151 -0.428 -0.824 -1.222 -1.357 -0.867
0.00400 1.00e+10 0.9207557440    0.916  1.688  3.6764  2.370    3  0.000  0.474     0.00     0.00 -1  4.14e-11      0.00 7.270e-01 2.691e-01 6.153e-04 2.741e-04 1.730e-03 -1.000 3.993e-03 0.550 3.198 1.323 0.599 0.337 0.219 0.150 0.486 -0.266 -0.548 -0.948 -1.351 -1.489 -0.993
0.00400 1.00e+10 0.9209460020    0.916  1.731  3.6742  2.318    3  0.000  0.474     0.00     0.00 -1  4.86e-11      0.00 7.269e-01 2.691e-01 6.152e-04 2.742e-04 1.730e-03 -1.000 3.993e-03 0.442 3.134 1.234 0.499 0.233 0.112 0.041 0.385 -0.373 -0.660 -1.064 -1.471 -1.612 -1.110
0.00400 1.00e+10 0.9210146070    0.916  1.744  3.6735  2.302    3  0.000  0.474     0.00     0.00 -1   5.1e-11      0.00 7.269e-01 2.691e-01 6.152e-04 2.742e-04 1.730e-03 -1.000 3.993e-03 0.410 3.115 1.206 0.468 0.201 0.079 0.008 0.355 -0.406 -0.693 -1.099 -1.508 -1.649 -1.145
0.00400 1.00e+10 0.9211275578    0.916  1.720  3.6753  2.333    3  0.000  0.474     0.00     0.00 -1  4.73e-11      0.00 7.269e-01 2.691e-01 6.152e-04 2.743e-04 1.730e-03 -1.000 3.993e-03 0.469 3.141 1.252 0.522 0.258 0.139 0.069 0.409 -0.347 -0.631 -1.033 -1.438 -1.577 -1.078
0.00400 1.00e+10 0.9211978316    0.916  1.695  3.6771  2.365    3  0.000  0.474     0.00     0.00 -1  4.31e-11      0.00 7.269e-01 2.691e-01 6.151e-04 2.743e-04 1.730e-03 -1.000 3.993e-03 0.532 3.170 1.300 0.579 0.319 0.201 0.132 0.465 -0.284 -0.566 -0.964 -1.366 -1.503 -1.008
0.00400 1.00e+10 0.9212238789    0.916  1.705  3.6765  2.353    3  0.000  0.474     0.00     0.00 -1  4.45e-11      0.00 7.269e-01 2.691e-01 6.151e-04 2.743e-04 1.730e-03 -1.000 3.994e-03 0.507 3.157 1.280 0.556 0.295 0.177 0.107 0.443 -0.309 -0.591 -0.991 -1.394 -1.531 -1.035
0.00400 1.00e+10 0.9213355780    0.916  1.748  3.6740  2.300    3  0.000  0.474     0.00     0.00 -1  5.16e-11      0.00 7.269e-01 2.691e-01 6.151e-04 2.744e-04 1.730e-03 -1.000 3.993e-03 0.399 3.096 1.192 0.456 0.190 0.068 -0.003 0.342 -0.417 -0.703 -1.108 -1.516 -1.656 -1.154
0.00400 1.00e+10 0.9214468598    0.916  1.794  3.6714  2.244    3  0.000  0.474     0.00     0.00 -1  6.11e-11      0.00 7.269e-01 2.691e-01 6.151e-04 2.744e-04 1.730e-03 -1.000 3.994e-03 0.286 3.034 1.099 0.350 0.079 -0.045 -0.118 0.237 -0.530 -0.821 -1.231 -1.644 -1.787 -1.278
0.00400 1.00e+10 0.9215483069    0.916  1.838  3.6687  2.189    3  0.000  0.474     0.00     0.00 -1   7.2e-11      0.00 7.269e-01 2.691e-01 6.150e-04 2.745e-04 1.730e-03 -1.000 3.994e-03 0.175 2.975 1.009 0.248 -0.028 -0.156 -0.231 0.135 -0.640 -0.936 -1.350 -1.769 -1.915 -1.400
0.00400 1.00e+10 0.9216448665    0.916  1.883  3.6660  2.133    3  0.000  0.474     0.00     0.00 -1  8.53e-11      0.00 7.269e-01 2.691e-01 6.150e-04 2.746e-04 1.730e-03 -1.000 3.994e-03 0.062 2.916 0.919 0.145 -0.137 -0.268 -0.345 0.032 -0.753 -1.053 -1.473 -1.897 -2.046 -1.524
0.00400 1.00e+10 0.9217306376    0.915  1.926  3.6633  2.079    3  0.000  0.474     0.00     0.00 -1     1e-10      0.00 7.269e-01 2.691e-01 6.149e-04 2.746e-04 1.730e-03 -1.000 3.994e-03 -0.046 2.861 0.834 0.047 -0.240 -0.376 -0.455 -0.067 -0.860 -1.165 -1.590 -2.020 -2.171 -1.643
0.00400 1.00e+10 0.9218117595    0.915  1.970  3.6606  2.023    3  0.000  0.474     0.00     0.00 -1  1.18e-10      0.00 7.269e-01 2.691e-01 6.149e-04 2.746e-04 1.730e-03 -1.000 3.994e-03 -0.156 2.807 0.748 -0.053 -0.346 -0.485 -0.566 -0.166 -0.968 -1.279 -1.709 -2.144 -2.299 -1.764
0.00400 1.00e+10 0.9218839407    0.915  2.012  3.6579  1.971    3  0.000  0.474     0.00     0.00 -1  1.38e-10      0.00 7.269e-01 2.691e-01 6.149e-04 2.747e-04 1.730e-03 -1.000 3.994e-03 -0.260 2.760 0.667 -0.148 -0.446 -0.589 -0.672 -0.261 -1.072 -1.388 -1.823 -2.264 -2.421 -1.880
0.00400 1.00e+10 0.9219517112    0.914  2.055  3.6551  1.917    3  0.000  0.474     0.00     0.00 -1  1.63e-10      0.00 7.269e-01 2.691e-01 6.149e-04 2.747e-04 1.730e-03 -1.000 3.994e-03 -0.367 2.717 0.586 -0.245 -0.548 -0.695 -0.780 -0.358 -1.178 -1.498 -1.939 -2.385 -2.546 -1.998
0.00400 1.00e+10 0.9220147729    0.914  2.098  3.6522  1.862    3  0.000  0.474     0.00     0.00 -1  1.91e-10      0.00 7.269e-01 2.691e-01 6.148e-04 2.748e-04 1.730e-03 -1.000 3.994e-03 -0.474 2.677 0.507 -0.340 -0.650 -0.800 -0.888 -0.453 -1.283 -1.609 -2.056 -2.507 -2.671 -2.116
0.00400 1.00e+10 0.9220713377    0.914  2.139  3.6494  1.809    3  0.000  0.474     0.00     0.00 -1  2.23e-10      0.00 7.269e-01 2.691e-01 6.148e-04 2.748e-04 1.730e-03 -1.000 3.994e-03 -0.578 2.644 0.433 -0.430 -0.747 -0.902 -0.992 -0.543 -1.385 -1.716 -2.168 -2.625 -2.793 -2.231
0.00400 1.00e+10 0.9221248031    0.913  2.182  3.6465  1.755    3  0.000  0.474     0.00     0.00 -1  2.62e-10      0.00 7.269e-01 2.691e-01 6.148e-04 2.748e-04 1.730e-03 -1.000 3.994e-03 -0.684 2.611 0.358 -0.522 -0.846 -1.006 -1.098 -0.636 -1.488 -1.825 -2.283 -2.746 -2.917 -2.348
0.00400 1.00e+10 0.9221724272    0.913  2.222  3.6437  1.703    3  0.000  0.474     0.00     0.00 -1  3.06e-10      0.00 7.269e-01 2.691e-01 6.148e-04 2.748e-04 1.730e-03 -1.000 3.994e-03 -0.786 2.582 0.286 -0.610 -0.941 -1.105 -1.200 -0.724 -1.587 -1.930 -2.393 -2.863 -3.037 -2.461
0.00400 1.00e+10 0.9222173691    0.912  2.264  3.6408  1.650    3  0.000  0.474     0.00     0.00 -1  3.58e-10      0.00 7.269e-01 2.691e-01 6.148e-04 2.749e-04 1.730e-03 -1.000 3.994e-03 -0.889 2.554 0.214 -0.699 -1.038 -1.206 -1.304 -0.814 -1.688 -2.036 -2.506 -2.980 -3.158 -2.575
0.00400 1.00e+10 0.9222580194    0.912  2.304  3.6380  1.598    3  0.000  0.474     0.00     0.00 -1  4.17e-10      0.00 7.269e-01 2.691e-01 6.147e-04 2.749e-04 1.730e-03 -1.000 3.994e-03 -0.990 2.533 0.147 -0.785 -1.130 -1.304 -1.404 -0.899 -1.785 -2.139 -2.614 -3.095 -3.276 -2.686
0.00400 1.00e+10 0.9222961068    0.911  2.344  3.6351  1.546    3  0.000  0.474     0.00     0.00 -1  4.86e-10      0.00 7.269e-01 2.691e-01 6.147e-04 2.749e-04 1.730e-03 -1.000 3.994e-03 -1.091 2.516 0.081 -0.870 -1.223 -1.401 -1.504 -0.985 -1.882 -2.242 -2.723 -3.210 -3.395 -2.797
0.00400 1.00e+10 0.9223306775    0.910  2.384  3.6322  1.494    3  0.000  0.474     0.00     0.00 -1  5.65e-10      0.00 7.269e-01 2.691e-01 6.147e-04 2.749e-04 1.730e-03 -1.000 3.994e-03 -1.190 2.503 0.017 -0.952 -1.314 -1.497 -1.602 -1.068 -1.978 -2.344 -2.830 -3.323 -3.512 -2.907
0.00400 1.00e+10 0.9223628640    0.910  2.424  3.6293  1.443    3  0.000  0.474     0.00     0.00 -1  6.58e-10      0.00 7.269e-01 2.691e-01 6.147e-04 2.750e-04 1.730e-03 -1.000 3.994e-03 -1.289 2.498 -0.045 -1.035 -1.405 -1.593 -1.702 -1.151 -2.074 -2.446 -2.938 -3.437 -3.630 -3.017
0.00400 1.00e+10 0.9223933816    0.909  2.464  3.6263  1.389    3  0.000  0.474     0.00     0.00 -1  7.69e-10      0.00 7.269e-01 2.691e-01 6.147e-04 2.750e-04 1.730e-03 -1.000 3.994e-03 -1.391 2.496 -0.107 -1.120 -1.498 -1.691 -1.803 -1.235 -2.172 -2.551 -3.049 -3.554 -3.750 -3.130
0.00400 1.00e+10 0.9224203825    0.908  2.503  3.6234  1.339    3  0.000  0.474     0.00     0.00 -1  8.91e-10      0.00 7.269e-01 2.691e-01 6.147e-04 2.750e-04 1.730e-03 -1.000 3.994e-03 -1.487 2.500 -0.163 -1.197 -1.585 -1.784 -1.898 -1.313 -2.264 -2.649 -3.153 -3.664 -3.865 -3.237
0.00400 1.00e+10 0.9224457741    0.907  2.542  3.6205  1.288    3  0.000  0.474     0.00     0.00 -1  1.03e-09      0.00 7.269e-01 2.691e-01 6.147e-04 2.750e-04 1.730e-03 -1.000 3.994e-03 -1.584 2.508 -0.218 -1.273 -1.672 -1.876 -1.994 -1.391 -2.356 -2.748 -3.258 -3.775 -3.980 -3.345
0.00400 1.00e+10 0.9224694371    0.906  2.580  3.6175  1.237    3  0.000  0.474     0.00     0.00 -1   1.2e-09      0.00 7.269e-01 2.691e-01 6.147e-04 2.750e-04 1.730e-03 -1.000 3.994e-03 -1.680 2.518 -0.271 -1.349 -1.757 -1.967 -2.089 -1.467 -2.447 -2.846 -3.362 -3.885 -4.094 -3.451
0.00400 1.00e+10 0.9224909544    0.905  2.618  3.6147  1.188    3  0.000  0.474     0.00     0.00 -1  1.38e-09      0.00 7.269e-01 2.691e-01 6.146e-04 2.750e-04 1.730e-03 -1.000 3.994e-03 -1.774 2.529 -0.322 -1.422 -1.841 -2.056 -2.181 -1.542 -2.536 -2.941 -3.463 -3.992 -4.206 -3.555
0.00400 1.00e+10 0.9225113988    0.904  2.656  3.6118  1.138    3  0.000  0.474     0.00     0.00 -1   1.6e-09      0.00 7.269e-01 2.691e-01 6.146e-04 2.750e-04 1.730e-03 -1.000 3.994e-03 -1.869 2.541 -0.374 -1.497 -1.926 -2.146 -2.275 -1.617 -2.626 -3.038 -3.566 -4.100 -4.319 -3.660
0.00400 1.00e+10 0.9225299358    0.903  2.692  3.6089  1.089    3  0.000  0.474     0.00     0.00 -1  1.84e-09      0.00 7.269e-01 2.691e-01 6.146e-04 2.750e-04 1.730e-03 -1.000 3.994e-03 -1.960 2.555 -0.421 -1.564 -2.005 -2.232 -2.364 -1.686 -2.712 -3.130 -3.663 -4.205 -4.428 -3.761
0.00400 1.00e+10 0.9225474000    0.901  2.729  3.6060  1.040    3  0.000  0.474     0.00     0.00 -1  2.12e-09      0.00 7.269e-01 2.692e-01 6.146e-04 2.751e-04 1.730e-03 -1.000 3.994e-03 -2.052 2.573 -0.466 -1.632 -2.085 -2.319 -2.454 -1.755 -2.799 -3.223 -3.762 -4.311 -4.538 -3.863
0.00400 1.00e+10 0.9225641489    0.900  2.766  3.6030  0.990    3  0.000  0.474     0.00     0.00 -1  2.45e-09      0.00 7.269e-01 2.692e-01 6.146e-04 2.751e-04 1.730e-03 -1.000 3.994e-03 -2.145 2.592 -0.512 -1.700 -2.166 -2.406 -2.544 -1.825 -2.886 -3.317 -3.862 -4.417 -4.649 -3.966
0.00400 1.00e+10 0.9225825667    0.898  2.810  3.5996  0.932    3  0.000  0.474     0.00     0.00 -1   2.9e-09      0.00 7.269e-01 2.692e-01 6.146e-04 2.751e-04 1.730e-03 -1.000 3.994e-03 -2.255 2.625 -0.561 -1.779 -2.260 -2.508 -2.652 -1.907 -2.988 -3.428 -3.980 -4.543 -4.781 -4.088
0.00400 1.00e+10 0.9225996137    0.896  2.853  3.5960  0.873    3  0.000  0.474     0.00     0.00 -1  3.43e-09      0.00 7.269e-01 2.692e-01 6.146e-04 2.751e-04 1.730e-03 -1.000 3.994e-03 -2.363 2.659 -0.606 -1.853 -2.352 -2.609 -2.758 -1.984 -3.090 -3.538 -4.097 -4.667 -4.911 -4.209
0.00400 1.00e+10 0.9226126075    0.894  2.889  3.5931  0.825    3  0.000  0.474     0.00     0.00 -1  3.93e-09      0.00 7.269e-01 2.692e-01 6.146e-04 2.751e-04 1.730e-03 -1.000 3.994e-03 -2.451 2.687 -0.640 -1.910 -2.426 -2.691 -2.844 -2.044 -3.172 -3.627 -4.192 -4.769 -5.017 -4.307
0.00400 1.00e+10 0.9226272702    0.892  2.931  3.5896  0.768    3  0.000  0.474     0.00     0.00 -1  4.63e-09      0.00 7.269e-01 2.692e-01 6.146e-04 2.751e-04 1.730e-03 -1.000 3.994e-03 -2.557 2.720 -0.681 -1.979 -2.514 -2.788 -2.947 -2.116 -3.270 -3.733 -4.305 -4.890 -5.144 -4.425
0.00400 1.00e+10 0.9226407409    0.889  2.972  3.5862  0.712    3  0.000  0.474     0.00     0.00 -1  5.45e-09      0.00 7.269e-01 2.692e-01 6.146e-04 2.751e-04 1.730e-03 -1.000 3.994e-03 -2.660 2.753 -0.720 -2.046 -2.600 -2.884 -3.047 -2.187 -3.365 -3.837 -4.416 -5.008 -5.268 -4.539
0.00400 1.00e+10 0.9226531386    0.887  3.012  3.5827  0.656    3  0.000  0.474     0.00     0.00 -1  6.38e-09      0.00 7.268e-01 2.692e-01 6.146e-04 2.751e-04 1.730e-03 -1.000 3.994e-03 -2.761 2.787 -0.753 -2.106 -2.682 -2.976 -3.146 -2.252 -3.459 -3.939 -4.525 -5.125 -5.391 -4.652
0.00400 1.00e+10 0.9226645827    0.884  3.052  3.5792  0.601    3  0.000  0.474     0.00     0.00 -1  7.46e-09      0.00 7.268e-01 2.692e-01 6.146e-04 2.751e-04 1.730e-03 -1.000 3.994e-03 -2.860 2.815 -0.781 -2.158 -2.761 -3.068 -3.242 -2.311 -3.550 -4.039 -4.631 -5.239 -5.510 -4.763
0.00400 1.00e+10 0.9226752520    0.880  3.091  3.5757  0.546    3  0.000  0.474     0.00     0.00 -1  8.71e-09      0.00 7.268e-01 2.692e-01 6.146e-04 2.751e-04 1.730e-03 -1.000 3.994e-03 -2.958 2.845 -0.807 -2.209 -2.838 -3.157 -3.338 -2.369 -3.639 -4.138 -4.737 -5.352 -5.629 -4.873
0.00400 1.00e+10 0.9226850271    0.877  3.129  3.5723  0.493    3  0.000  0.474     0.00     0.00 -1  1.01e-08      0.00 7.268e-01 2.692e-01 6.146e-04 2.751e-04 1.730e-03 -1.000 3.994e-03 -3.052 2.876 -0.830 -2.257 -2.912 -3.243 -3.429 -2.423 -3.725 -4.233 -4.839 -5.461 -5.744 -4.979
0.00400 1.00e+10 0.9226941466    0.873  3.166  3.5688  0.440    3  0.000  0.474     0.00     0.00 -1  1.18e-08      0.00 7.268e-01 2.692e-01 6.146e-04 2.751e-04 1.730e-03 -1.000 3.994e-03 -3.145 2.908 -0.843 -2.295 -2.982 -3.328 -3.520 -2.471 -3.810 -4.328 -4.940 -5.569 -5.857 -5.085
0.00400 1.00e+10 0.9227024317    0.869  3.202  3.5654  0.389    3  0.000  0.474     0.00     0.00 -1  1.36e-08      0.00 7.268e-01 2.692e-01 6.146e-04 2.751e-04 1.730e-03 -1.000 3.994e-03 -3.234 2.931 -0.847 -2.318 -3.046 -3.409 -3.608 -2.507 -3.892 -4.420 -5.038 -5.673 -5.965 -5.186
0.00400 1.00e+10 0.9227101803    0.865  3.236  3.5620  0.339    3  0.000  0.474     0.00     0.00 -1  1.56e-08      0.00 7.268e-01 2.692e-01 6.146e-04 2.751e-04 1.730e-03 -1.000 3.994e-03 -3.321 2.955 -0.848 -2.338 -3.108 -3.487 -3.693 -2.541 -3.970 -4.510 -5.134 -5.775 -6.072 -5.285
0.00400 1.00e+10 0.9227173328    0.860  3.270  3.5586  0.289    3  0.000  0.474     0.00     0.00 -1  1.79e-08      0.00 7.268e-01 2.692e-01 6.146e-04 2.751e-04 1.730e-03 -1.000 3.994e-03 -3.405 2.980 -0.846 -2.355 -3.167 -3.563 -3.776 -2.572 -4.046 -4.596 -5.227 -5.874 -6.176 -5.381
0.00400 1.00e+10 0.9227243662    0.855  3.304  3.5551  0.238    3  0.000  0.474     0.00     0.00 -1  2.06e-08      0.00 7.268e-01 2.692e-01 6.146e-04 2.752e-04 1.730e-03 -1.000 3.994e-03 -3.491 3.001 -0.839 -2.364 -3.224 -3.640 -3.860 -2.599 -4.122 -4.685 -5.322 -5.976 -6.281 -5.480
0.00400 1.00e+10 0.9227308035    0.849  3.336  3.5519  0.190    3  0.000  0.474     0.00     0.00 -1  2.35e-08      0.00 7.268e-01 2.692e-01 6.146e-04 2.752e-04 1.730e-03 -1.000 3.994e-03 -3.571 3.012 -0.822 -2.352 -3.273 -3.709 -3.939 -2.612 -4.192 -4.769 -5.412 -6.070 -6.378 -5.571
0.00400 1.00e+10 0.9227378368    0.843  3.370  3.5485  0.140    3  0.000  0.474     0.00     0.00 -1  2.72e-08      0.00 7.268e-01 2.692e-01 6.145e-04 2.752e-04 1.730e-03 -1.000 3.994e-03 -3.655 3.023 -0.803 -2.339 -3.323 -3.783 -4.021 -2.625 -4.266 -4.857 -5.506 -6.169 -6.480 -5.668
0.00400 1.00e+10 0.9227378368    0.843  1.729  3.7044  2.404    4  0.000  0.497     0.00     0.00 -1         0      0.00 7.303e-01 2.657e-01 6.425e-04 2.387e-04 1.724e-03 -1.000 4.000e-03 0.447 2.640 1.030 0.425 0.214 0.130 0.080 0.311 -0.357 -0.596 -0.946 -1.290 -1.401 -0.972
0.00400 1.00e+10 0.9228108525    0.843  1.741  3.7036  2.389    4  0.000  0.497     0.00     0.00 -1         0      0.00 7.303e-01 2.657e-01 6.425e-04 2.387e-04 1.724e-03 -1.000 4.000e-03 0.419 2.626 1.007 0.398 0.185 0.101 0.050 0.284 -0.387 -0.626 -0.978 -1.324 -1.435 -1.005
0.00400 1.00e+10 0.9228894114    0.843  1.745  3.7034  2.385    4  0.000  0.497     0.00     0.00 -1         0      0.00 7.303e-01 2.657e-01 6.425e-04 2.387e-04 1.724e-03 -1.000 4.000e-03 0.408 2.620 0.998 0.388 0.175 0.090 0.040 0.275 -0.397 -0.637 -0.989 -1.335 -1.447 -1.016
0.00400 1.00e+10 0.9229617119    0.843  1.746  3.7035  2.384    4  0.000  0.497     0.00     0.00 -1         0      0.00 7.303e-01 2.657e-01 6.425e-04 2.388e-04 1.724e-03 -1.000 4.000e-03 0.405 2.615 0.994 0.385 0.172 0.087 0.037 0.271 -0.400 -0.640 -0.992 -1.337 -1.449 -1.018
0.00400 1.00e+10 0.9230348468    0.843  1.746  3.7039  2.386    4  0.000  0.497     0.00     0.00 -1         0      0.00 7.303e-01 2.657e-01 6.425e-04 2.388e-04 1.724e-03 -1.000 4.000e-03 0.406 2.610 0.993 0.385 0.173 0.089 0.038 0.271 -0.399 -0.638 -0.990 -1.334 -1.445 -1.015
0.00400 1.00e+10 0.9231071472    0.843  1.744  3.7044  2.389    4  0.000  0.497     0.00     0.00 -1         0      0.00 7.303e-01 2.657e-01 6.424e-04 2.388e-04 1.724e-03 -1.000 4.000e-03 0.409 2.604 0.993 0.387 0.176 0.092 0.042 0.273 -0.395 -0.634 -0.984 -1.328 -1.439 -1.010
0.00400 1.00e+10 0.9231794477    0.843  1.743  3.7050  2.393    4  0.000  0.497     0.00     0.00 -1         0      0.00 7.303e-01 2.657e-01 6.424e-04 2.389e-04 1.724e-03 -1.000 4.000e-03 0.413 2.599 0.993 0.390 0.180 0.097 0.047 0.276 -0.391 -0.628 -0.978 -1.321 -1.431 -1.003
0.00400 1.00e+10 0.9232528806    0.843  1.741  3.7056  2.397    4  0.000  0.497     0.00     0.00 -1         0      0.00 7.302e-01 2.658e-01 6.424e-04 2.389e-04 1.724e-03 -1.000 4.000e-03 0.418 2.593 0.994 0.393 0.184 0.102 0.053 0.280 -0.386 -0.622 -0.971 -1.313 -1.422 -0.996
0.00400 1.00e+10 0.9233267307    0.843  1.739  3.7062  2.401    4  0.000  0.497     0.00     0.00 -1         0      0.00 7.302e-01 2.658e-01 6.424e-04 2.389e-04 1.724e-03 -1.000 4.000e-03 0.422 2.588 0.995 0.397 0.189 0.107 0.058 0.283 -0.381 -0.617 -0.964 -1.305 -1.413 -0.989
0.00400 1.00e+10 0.9233997464    0.843  1.738  3.7067  2.405    4  0.000  0.497     0.00     0.00 -1         0      0.00 7.302e-01 2.658e-01 6.424e-04 2.390e-04 1.724e-03 -1.000 4.000e-03 0.426 2.583 0.995 0.400 0.192 0.111 0.063 0.286 -0.376 -0.611 -0.958 -1.298 -1.406 -0.982
0.00400 1.00e+10 0.9234746695    0.843  1.736  3.7072  2.409    4  0.000  0.497     0.00     0.00 -1         0      0.00 7.302e-01 2.658e-01 6.423e-04 2.390e-04 1.724e-03 -1.000 4.000e-03 0.429 2.577 0.995 0.402 0.195 0.115 0.067 0.288 -0.373 -0.607 -0.953 -1.291 -1.399 -0.977
0.00400 1.00e+10 0.9235523343    0.844  1.735  3.7077  2.412    4  0.000  0.497     0.00     0.00 -1         0      0.00 7.302e-01 2.658e-01 6.423e-04 2.390e-04 1.724e-03 -1.000 4.000e-03 0.432 2.572 0.995 0.404 0.198 0.118 0.071 0.290 -0.369 -0.603 -0.948 -1.285 -1.393 -0.972
0.00400 1.00e+10 0.9236294031    0.844  1.734  3.7082  2.415    4  0.000  0.497     0.00     0.00 -1         0      0.00 7.302e-01 2.658e-01 6.423e-04 2.391e-04 1.724e-03 -1.000 4.000e-03 0.434 2.567 0.995 0.405 0.201 0.121 0.074 0.291 -0.366 -0.599 -0.944 -1.280 -1.387 -0.967
0.00400 1.00e+10 0.9237039685    0.844  1.733  3.7085  2.417    4  0.000  0.497     0.00     0.00 -1         0      0.00 7.302e-01 2.658e-01 6.423e-04 2.391e-04 1.724e-03 -1.000 4.000e-03 0.436 2.563 0.994 0.406 0.202 0.124 0.076 0.293 -0.364 -0.597 -0.940 -1.276 -1.382 -0.963
0.00400 1.00e+10 0.9237626791    0.844  1.733  3.7088  2.419    4  0.000  0.497     0.00     0.00 -1         0      0.00 7.302e-01 2.658e-01 6.423e-04 2.391e-04 1.724e-03 -1.000 4.000e-03 0.437 2.559 0.993 0.407 0.204 0.125 0.078 0.293 -0.363 -0.595 -0.938 -1.273 -1.379 -0.961
0.00400 1.00e+10 0.9237779379    0.844  1.733  3.7089  2.419    4  0.000  0.497     0.00     0.00 -1         0      0.00 7.302e-01 2.658e-01 6.423e-04 2.391e-04 1.724e-03 -1.000 4.000e-03 0.438 2.558 0.993 0.407 0.204 0.125 0.078 0.293 -0.362 -0.594 -0.938 -1.273 -1.379 -0.960
0.00400 1.00e+10 0.9238497615    0.844  1.733  3.7092  2.420    4  0.000  0.497     0.00     0.00 -1         0      0.00 7.302e-01 2.658e-01 6.423e-04 2.391e-04 1.724e-03 -1.000 4.000e-03 0.438 2.554 0.992 0.407 0.205 0.126 0.080 0.294 -0.361 -0.593 -0.936 -1.270 -1.376 -0.958
0.00400 1.00e+10 0.9239274859    0.844  1.733  3.7094  2.422    4  0.000  0.497     0.00     0.00 -1         0      0.00 7.302e-01 2.658e-01 6.422e-04 2.392e-04 1.724e-03 -1.000 4.000e-03 0.439 2.550 0.991 0.407 0.205 0.127 0.080 0.293 -0.361 -0.592 -0.934 -1.268 -1.374 -0.957
0.00400 1.00e+10 0.9240005612    0.844  1.733  3.7096  2.422    4  0.000  0.497     0.00     0.00 -1         0      0.00 7.302e-01 2.658e-01 6.422e-04 2.392e-04 1.724e-03 -1.000 4.000e-03 0.438 2.547 0.989 0.406 0.204 0.126 0.080 0.292 -0.361 -0.592 -0.934 -1.268 -1.373 -0.957
0.00400 1.00e+10 0.9240763783    0.844  1.733  3.7097  2.422    4  0.000  0.497     0.00     0.00 -1         0      0.00 7.302e-01 2.658e-01 6.422e-04 2.392e-04 1.724e-03 -1.000 4.000e-03 0.437 2.544 0.987 0.405 0.203 0.125 0.079 0.291 -0.363 -0.593 -0.935 -1.269 -1.374 -0.958
0.00400 1.00e+10 0.9241532087    0.844  1.734  3.7097  2.421    4  0.000  0.497     0.00     0.00 -1         0      0.00 7.302e-01 2.658e-01 6.422e-04 2.393e-04 1.724e-03 -1.000 4.000e-03 0.435 2.542 0.985 0.402 0.201 0.123 0.077 0.289 -0.365 -0.595 -0.937 -1.271 -1.376 -0.960
0.00400 1.00e+10 0.9242310524    0.844  1.736  3.7097  2.420    4  0.000  0.497     0.00     0.00 -1         0      0.00 7.302e-01 2.658e-01 6.422e-04 2.393e-04 1.724e-03 -1.000 4.000e-03 0.431 2.539 0.982 0.399 0.197 0.119 0.073 0.285 -0.368 -0.599 -0.941 -1.274 -1.380 -0.963
0.00400 1.00e+10 0.9242994189    0.844  1.737  3.7096  2.418    4  0.000  0.497     0.00     0.00 -1         0      0.00 7.302e-01 2.658e-01 6.421e-04 2.393e-04 1.724e-03 -1.000 4.000e-03 0.428 2.537 0.979 0.396 0.194 0.116 0.069 0.282 -0.372 -0.603 -0.945 -1.278 -1.384 -0.967
0.00400 1.00e+10 0.9243054986    0.844  1.737  3.7096  2.418    4  0.000  0.497     0.00     0.00 -1         0      0.00 7.302e-01 2.658e-01 6.421e-04 2.393e-04 1.724e-03 -1.000 4.000e-03 0.427 2.537 0.978 0.395 0.193 0.115 0.069 0.281 -0.372 -0.603 -0.945 -1.279 -1.384 -0.968
0.00400 1.00e+10 0.9243769050    0.844  1.739  3.7094  2.415    4  0.000  0.497     0.00     0.00 -1         0      0.00 7.302e-01 2.658e-01 6.421e-04 2.394e-04 1.724e-03 -1.000 4.000e-03 0.422 2.536 0.975 0.390 0.188 0.110 0.063 0.277 -0.378 -0.609 -0.951 -1.285 -1.391 -0.974
0.00400 1.00e+10 0.9244459867    0.845  1.742  3.7090  2.411    4  0.000  0.497     0.00     0.00 -1         0      0.00 7.302e-01 2.658e-01 6.421e-04 2.394e-04 1.724e-03 -1.000 4.000e-03 0.415 2.535 0.970 0.384 0.181 0.103 0.056 0.271 -0.385 -0.616 -0.959 -1.294 -1.400 -0.982
0.00400 1.00e+10 0.9245159030    0.845  1.745  3.7087  2.407    4  0.000  0.497     0.00     0.00 -1         0      0.00 7.302e-01 2.658e-01 6.421e-04 2.394e-04 1.724e-03 -1.000 4.000e-03 0.408 2.533 0.965 0.377 0.174 0.095 0.048 0.264 -0.393 -0.625 -0.968 -1.304 -1.410 -0.991
0.00400 1.00e+10 0.9245842695    0.845  1.748  3.7082  2.401    4  0.000  0.497     0.00     0.00 -1         0      0.00 7.302e-01 2.658e-01 6.421e-04 2.394e-04 1.724e-03 -1.000 4.000e-03 0.399 2.532 0.958 0.369 0.165 0.086 0.038 0.256 -0.402 -0.635 -0.979 -1.315 -1.422 -1.002
0.00400 1.00e+10 0.9246547818    0.845  1.752  3.7078  2.396    4  0.000  0.497     0.00     0.00 -1         0      0.00 7.302e-01 2.658e-01 6.421e-04 2.395e-04 1.724e-03 -1.000 4.000e-03 0.389 2.530 0.952 0.361 0.155 0.076 0.028 0.247 -0.412 -0.646 -0.991 -1.328 -1.435 -1.014
0.00400 1.00e+10 0.9247252345    0.845  1.757  3.7072  2.389    4  0.000  0.497     0.00     0.00 -1         0      0.00 7.302e-01 2.658e-01 6.420e-04 2.395e-04 1.724e-03 -1.000 4.000e-03 0.378 2.529 0.944 0.351 0.144 0.064 0.016 0.237 -0.424 -0.658 -1.004 -1.342 -1.450 -1.028
0.00400 1.00e+10 0.9247940779    0.845  1.762  3.7066  2.381    4  0.000  0.497     0.00     0.00 -1         0      0.00 7.301e-01 2.659e-01 6.420e-04 2.395e-04 1.724e-03 -1.000 4.000e-03 0.366 2.527 0.936 0.339 0.132 0.051 0.002 0.226 -0.437 -0.672 -1.019 -1.358 -1.467 -1.043
0.00400 1.00e+10 0.9248628616    0.845  1.766  3.7060  2.374    4  0.000  0.497     0.00     0.00 -1         0      0.00 7.301e-01 2.659e-01 6.420e-04 2.396e-04 1.724e-03 -1.000 4.000e-03 0.354 2.525 0.927 0.328 0.120 0.038 -0.011 0.215 -0.449 -0.686 -1.033 -1.374 -1.483 -1.058
0.00400 1.00e+10 0.9249325991    0.845  1.774  3.7051  2.363    4  0.000  0.496     0.00     0.00 -1         0      0.00 7.301e-01 2.659e-01 6.420e-04 2.396e-04 1.724e-03 -1.000 4.000e-03 0.335 2.522 0.914 0.312 0.101 0.019 -0.031 0.198 -0.469 -0.706 -1.056 -1.398 -1.508 -1.081
0.00400 1.00e+10 0.9250023961    0.845  1.783  3.7041  2.351    4  0.000  0.496     0.00     0.00 -1         0      0.00 7.301e-01 2.659e-01 6.420e-04 2.396e-04 1.724e-03 -1.000 4.000e-03 0.314 2.519 0.899 0.292 0.080 -0.004 -0.054 0.178 -0.492 -0.731 -1.082 -1.426 -1.537 -1.107
0.00400 1.00e+10 0.9250709414    0.845  1.797  3.7023  2.330    4  0.000  0.496     0.00     0.00 -1         0      0.00 7.301e-01 2.659e-01 6.420e-04 2.396e-04 1.724e-03 -1.000 4.000e-03 0.279 2.513 0.875 0.260 0.045 -0.041 -0.093 0.146 -0.529 -0.770 -1.124 -1.471 -1.584 -1.151
0.00400 1.00e+10 0.9251415133    0.845  1.824  3.6991  2.289    4  0.000  0.496     0.00     0.00 -1         0      0.00 7.301e-01 2.659e-01 6.419e-04 2.397e-04 1.724e-03 -1.000 4.000e-03 0.210 2.500 0.826 0.197 -0.024 -0.114 -0.167 0.083 -0.601 -0.847 -1.206 -1.560 -1.675 -1.235
0.00400 1.00e+10 0.9251867533    0.845  1.859  3.6952  2.238    4  0.000  0.496     0.00     0.00 -1         0      0.00 7.301e-01 2.659e-01 6.419e-04 2.397e-04 1.724e-03 -1.000 4.000e-03 0.122 2.482 0.764 0.117 -0.112 -0.206 -0.262 0.003 -0.693 -0.945 -1.311 -1.672 -1.791 -1.342
0.00400 1.00e+10 0.9252108335    0.845  1.899  3.6908  2.181    4  0.000  0.496     0.00     0.00 -1         0      0.00 7.301e-01 2.659e-01 6.419e-04 2.397e-04 1.724e-03 -1.000 4.000e-03 0.023 2.463 0.695 0.028 -0.208 -0.307 -0.367 -0.085 -0.794 -1.053 -1.427 -1.797 -1.920 -1.460
0.00400 1.00e+10 0.9252216816    0.845  1.937  3.6867  2.127    4  0.000  0.496     0.00     0.00 -1         0      0.00 7.301e-01 2.659e-01 6.419e-04 2.397e-04 1.724e-03 -1.000 4.000e-03 -0.071 2.444 0.630 -0.056 -0.299 -0.404 -0.466 -0.169 -0.890 -1.155 -1.536 -1.915 -2.042 -1.573
0.00400 1.00e+10 0.9252267480    0.845  1.974  3.6828  2.075    4  0.000  0.496     0.00     0.00 -1         0      0.00 7.301e-01 2.659e-01 6.419e-04 2.397e-04 1.724e-03 -1.000 4.000e-03 -0.164 2.424 0.565 -0.139 -0.389 -0.498 -0.563 -0.252 -0.984 -1.256 -1.643 -2.030 -2.161 -1.683
0.00400 1.00e+10 0.9252293706    0.845  2.009  3.6792  2.025    4  0.000  0.496     0.00     0.00 -1         0      0.00 7.301e-01 2.659e-01 6.419e-04 2.397e-04 1.724e-03 -1.000 4.000e-03 -0.253 2.402 0.503 -0.217 -0.474 -0.588 -0.655 -0.330 -1.073 -1.351 -1.745 -2.139 -2.274 -1.787
0.00400 1.00e+10 0.9252310395    0.845  2.044  3.6758  1.977    4  0.000  0.496     0.00     0.00 -1         0      0.00 7.301e-01 2.659e-01 6.419e-04 2.397e-04 1.724e-03 -1.000 4.000e-03 -0.339 2.381 0.444 -0.292 -0.556 -0.674 -0.744 -0.405 -1.159 -1.443 -1.844 -2.245 -2.383 -1.887
0.00400 1.00e+10 0.9252317548    0.845  2.061  3.6741  1.952    7  0.000  0.496     0.00     0.00 -1         0      0.00 7.301e-01 2.659e-01 6.419e-04 2.397e-04 1.724e-03 -1.000 4.000e-03 -0.384 2.371 0.413 -0.331 -0.598 -0.719 -0.790 -0.445 -1.204 -1.491 -1.895 -2.300 -2.440 -1.939
0.00400 1.00e+10 0.9252321124    0.845  2.073  3.6729  1.936    7  0.000  0.496     0.00     0.00 -1         0      0.00 7.301e-01 2.659e-01 6.419e-04 2.397e-04 1.724e-03 -1.000 4.000e-03 -0.413 2.364 0.393 -0.357 -0.626 -0.748 -0.820 -0.470 -1.233 -1.522 -1.928 -2.335 -2.476 -1.973
0.00400 1.00e+10 0.9252333045    0.845  2.114  3.6691  1.880    7  0.000  0.496     0.00     0.00 -1         0      0.00 7.301e-01 2.659e-01 6.419e-04 2.397e-04 1.724e-03 -1.000 4.000e-03 -0.515 2.340 0.322 -0.447 -0.724 -0.851 -0.925 -0.560 -1.335 -1.631 -2.044 -2.459 -2.604 -2.092
0.00400 1.00e+10 0.9252344370    0.845  2.153  3.6654  1.825    7  0.000  0.496     0.00     0.00 -1         0      0.00 7.301e-01 2.659e-01 6.419e-04 2.397e-04 1.724e-03 -1.000 4.000e-03 -0.614 2.317 0.255 -0.533 -0.817 -0.949 -1.026 -0.646 -1.433 -1.735 -2.155 -2.577 -2.727 -2.205
0.00400 1.00e+10 0.9252357483    0.845  2.194  3.6617  1.770    7  0.000  0.496     0.00     0.00 -1         0      0.00 7.301e-01 2.659e-01 6.419e-04 2.397e-04 1.724e-03 -1.000 4.000e-03 -0.714 2.296 0.188 -0.620 -0.911 -1.048 -1.128 -0.733 -1.532 -1.841 -2.268 -2.698 -2.851 -2.321
0.00400 1.00e+10 0.9252384305    0.845  2.208  3.6605  1.751    7  0.000  0.496     0.00     0.00 -1         0      0.00 7.301e-01 2.659e-01 6.419e-04 2.397e-04 1.724e-03 -1.000 4.000e-03 -0.750 2.286 0.162 -0.652 -0.945 -1.084 -1.165 -0.765 -1.568 -1.879 -2.309 -2.741 -2.895 -2.362
0.00400 1.00e+10 0.9252412319    0.845  2.181  3.6630  1.788    7  0.000  0.496     0.00     0.00 -1         0      0.00 7.301e-01 2.659e-01 6.419e-04 2.397e-04 1.724e-03 -1.000 4.000e-03 -0.683 2.299 0.207 -0.594 -0.883 -1.018 -1.097 -0.707 -1.502 -1.808 -2.233 -2.660 -2.812 -2.285
0.00400 1.00e+10 0.9252664447    0.845  2.141  3.6667  1.843    7  0.000  0.496     0.00     0.00 -1         0      0.00 7.301e-01 2.659e-01 6.419e-04 2.397e-04 1.724e-03 -1.000 4.000e-03 -0.582 2.323 0.276 -0.506 -0.787 -0.917 -0.994 -0.619 -1.401 -1.701 -2.119 -2.539 -2.687 -2.168
0.00400 1.00e+10 0.9252991080    0.846  2.166  3.6642  1.808    7  0.000  0.496     0.00     0.00 -1         0      0.00 7.301e-01 2.659e-01 6.419e-04 2.397e-04 1.724e-03 -1.000 4.000e-03 -0.645 2.313 0.235 -0.559 -0.846 -0.979 -1.058 -0.672 -1.463 -1.768 -2.190 -2.615 -2.766 -2.242
0.00400 1.00e+10 0.9253243208    0.846  2.204  3.6605  1.755    7  0.000  0.496     0.00     0.00 -1         0      0.00 7.301e-01 2.659e-01 6.419e-04 2.397e-04 1.724e-03 -1.000 4.000e-03 -0.741 2.295 0.171 -0.643 -0.936 -1.075 -1.156 -0.755 -1.559 -1.869 -2.299 -2.732 -2.886 -2.353
0.00400 1.00e+10 0.9253439903    0.846  2.238  3.6573  1.709    7  0.000  0.496     0.00     0.00 -1         0      0.00 7.301e-01 2.659e-01 6.419e-04 2.398e-04 1.724e-03 -1.000 4.000e-03 -0.825 2.280 0.116 -0.715 -1.015 -1.158 -1.241 -0.828 -1.641 -1.958 -2.394 -2.832 -2.990 -2.450
0.00400 1.00e+10 0.9253666997    0.846  2.278  3.6537  1.654    7  0.000  0.496     0.00     0.00 -1         0      0.00 7.301e-01 2.659e-01 6.419e-04 2.398e-04 1.724e-03 -1.000 4.000e-03 -0.924 2.262 0.050 -0.800 -1.108 -1.256 -1.342 -0.913 -1.739 -2.062 -2.506 -2.951 -3.113 -2.564
0.00400 1.00e+10 0.9253872633    0.846  2.318  3.6501  1.600    7  0.000  0.496     0.00     0.00 -1         0      0.00 7.301e-01 2.659e-01 6.419e-04 2.398e-04 1.724e-03 -1.000 4.000e-03 -1.025 2.251 -0.012 -0.883 -1.199 -1.354 -1.443 -0.996 -1.836 -2.166 -2.617 -3.070 -3.237 -2.678
0.00400 1.00e+10 0.9254053831    0.846  2.358  3.6464  1.545    7  0.000  0.496     0.00     0.00 -1         0      0.00 7.301e-01 2.659e-01 6.419e-04 2.398e-04 1.724e-03 -1.000 4.000e-03 -1.125 2.243 -0.073 -0.965 -1.291 -1.451 -1.543 -1.079 -1.932 -2.270 -2.729 -3.189 -3.360 -2.792
0.00400 1.00e+10 0.9254217744    0.846  2.399  3.6427  1.489    7  0.000  0.496     0.00     0.00 -1         0      0.00 7.301e-01 2.659e-01 6.419e-04 2.398e-04 1.724e-03 -1.000 4.000e-03 -1.228 2.237 -0.135 -1.050 -1.384 -1.550 -1.645 -1.163 -2.031 -2.377 -2.843 -3.311 -3.487 -2.909
0.00400 1.00e+10 0.9254363179    0.846  2.440  3.6390  1.433    7  0.000  0.496     0.00     0.00 -1         0      0.00 7.301e-01 2.659e-01 6.419e-04 2.398e-04 1.724e-03 -1.000 4.000e-03 -1.331 2.240 -0.195 -1.134 -1.478 -1.650 -1.749 -1.248 -2.131 -2.484 -2.957 -3.433 -3.613 -3.027
0.00400 1.00e+10 0.9254493713    0.846  2.482  3.6352  1.376    7  0.000  0.496     0.00     0.00 -1         0      0.00 7.301e-01 2.659e-01 6.417e-04 2.398e-04 1.724e-03 -1.000 4.000e-03 -1.434 2.253 -0.251 -1.216 -1.571 -1.749 -1.851 -1.330 -2.230 -2.591 -3.071 -3.555 -3.740 -3.144
0.00400 1.00e+10 0.9254611731    0.846  2.523  3.6315  1.320    7  0.000  0.496     0.00     0.00 -1         0      0.00 7.301e-01 2.659e-01 6.412e-04 2.400e-04 1.724e-03 -1.000 4.000e-03 -1.537 2.266 -0.307 -1.297 -1.663 -1.848 -1.954 -1.412 -2.328 -2.697 -3.185 -3.676 -3.866 -3.260
0.00400 1.00e+10 0.9254719019    0.846  2.564  3.6278  1.265    7  0.000  0.495     0.00     0.00 -1         0      0.00 7.301e-01 2.659e-01 6.398e-04 2.408e-04 1.724e-03 -1.000 4.000e-03 -1.640 2.284 -0.361 -1.378 -1.754 -1.945 -2.055 -1.493 -2.425 -2.803 -3.298 -3.796 -3.991 -3.376
0.00400 1.00e+10 0.9254819751    0.846  2.605  3.6241  1.209    7  0.000  0.492     0.00     0.00 -1         0      0.00 7.301e-01 2.659e-01 6.366e-04 2.436e-04 1.724e-03 -1.000 4.000e-03 -1.742 2.305 -0.414 -1.457 -1.844 -2.042 -2.156 -1.573 -2.522 -2.907 -3.410 -3.916 -4.116 -3.492
0.00400 1.00e+10 0.9254913330    0.846  2.646  3.6205  1.154    7  0.000  0.488     0.00     0.00 -1         0      0.00 7.301e-01 2.659e-01 6.316e-04 2.494e-04 1.724e-03 -1.000 4.000e-03 -1.844 2.331 -0.463 -1.533 -1.934 -2.138 -2.256 -1.650 -2.618 -3.012 -3.522 -4.036 -4.241 -3.607
0.00400 1.00e+10 0.9255003333    0.846  2.686  3.6168  1.098    7  0.000  0.484     0.00     0.00 -1         0      0.00 7.301e-01 2.659e-01 6.263e-04 2.557e-04 1.724e-03 -1.000 3.996e-03 -1.945 2.359 -0.511 -1.609 -2.022 -2.234 -2.356 -1.727 -2.713 -3.115 -3.633 -4.154 -4.365 -3.721
0.00400 1.00e+10 0.9255090356    0.846  2.727  3.6131  1.043    7  0.000  0.480     0.00     0.00 -1         0      0.00 7.301e-01 2.660e-01 6.212e-04 2.619e-04 1.724e-03 -1.000 3.916e-03 -2.047 2.391 -0.558 -1.684 -2.110 -2.329 -2.455 -1.803 -2.809 -3.218 -3.744 -4.273 -4.490 -3.836
0.00400 1.00e+10 0.9255173206    0.846  2.768  3.6093  0.986    7  0.000  0.477     0.00     0.00 -1         0      0.00 7.301e-01 2.660e-01 6.167e-04 2.674e-04 1.724e-03 -1.000 3.916e-03 -2.151 2.425 -0.604 -1.758 -2.199 -2.426 -2.557 -1.879 -2.905 -3.323 -3.857 -4.394 -4.617 -3.952
0.00400 1.00e+10 0.9255248308    0.846  2.808  3.6057  0.932    7  0.000  0.474     0.00     0.00 -1         0      0.00 7.301e-01 2.660e-01 6.129e-04 2.721e-04 1.724e-03 -1.000 3.921e-03 -2.250 2.467 -0.643 -1.826 -2.283 -2.518 -2.654 -1.950 -2.998 -3.424 -3.965 -4.511 -4.739 -4.064
0.00400 1.00e+10 0.9255315661    0.846  2.848  3.6021  0.878    7  0.000  0.472     0.00     0.00 -1         0      0.00 7.300e-01 2.660e-01 6.098e-04 2.760e-04 1.724e-03 -1.000 3.959e-03 -2.349 2.510 -0.681 -1.894 -2.367 -2.610 -2.750 -2.020 -3.090 -3.525 -4.073 -4.626 -4.861 -4.176
0.00400 1.00e+10 0.9255366325    0.846  2.887  3.5984  0.824    7  0.000  0.469     0.00     0.00 -1         0      0.00 7.300e-01 2.661e-01 6.071e-04 2.793e-04 1.724e-03 -1.000 3.920e-03 -2.448 2.555 -0.718 -1.960 -2.449 -2.701 -2.846 -2.089 -3.181 -3.625 -4.180 -4.741 -4.982 -4.287
0.00400 1.00e+10 0.9255403280    0.846  2.926  3.5949  0.771    7  0.000  0.468     0.00     0.00 -1         0      0.00 7.300e-01 2.661e-01 6.048e-04 2.822e-04 1.724e-03 -1.000 3.941e-03 -2.544 2.596 -0.749 -2.020 -2.528 -2.789 -2.940 -2.152 -3.269 -3.721 -4.284 -4.854 -5.100 -4.395
0.00400 1.00e+10 0.9255437255    0.846  2.965  3.5911  0.716    7  0.000  0.466     0.00     0.00 -1         0      0.00 7.300e-01 2.661e-01 6.027e-04 2.848e-04 1.724e-03 -1.000 3.951e-03 -2.644 2.640 -0.780 -2.080 -2.609 -2.880 -3.036 -2.216 -3.361 -3.822 -4.391 -4.970 -5.223 -4.508
0.00400 1.00e+10 0.9255466461    0.846  3.003  3.5875  0.664    7  0.000  0.465     0.00     0.00 -1         0      0.00 7.299e-01 2.661e-01 6.010e-04 2.868e-04 1.724e-03 -1.000 3.921e-03 -2.739 2.683 -0.809 -2.137 -2.686 -2.967 -3.129 -2.277 -3.448 -3.917 -4.494 -5.081 -5.340 -4.615
0.00400 1.00e+10 0.9255492687    0.846  3.041  3.5839  0.612    7  0.000  0.464     0.00     0.00 -1         0      0.00 7.299e-01 2.662e-01 5.998e-04 2.883e-04 1.724e-03 -1.000 3.905e-03 -2.831 2.727 -0.835 -2.191 -2.760 -3.051 -3.218 -2.335 -3.533 -4.011 -4.595 -5.190 -5.455 -4.720
0.00400 1.00e+10 0.9255522490    0.846  3.085  3.5795  0.551    7  0.000  0.463     0.00     0.00 -1         0      0.00 7.299e-01 2.662e-01 5.987e-04 2.896e-04 1.724e-03 -1.000 3.916e-03 -2.942 2.770 -0.858 -2.243 -2.845 -3.151 -3.326 -2.396 -3.633 -4.122 -4.715 -5.320 -5.591 -4.846
0.00400 1.00e+10 0.9255554080    0.846  3.130  3.5750  0.487    7  0.000  0.463     0.00     0.00 -1         0      0.00 7.299e-01 2.662e-01 5.983e-04 2.901e-04 1.724e-03 -1.000 3.916e-03 -3.055 2.819 -0.877 -2.294 -2.930 -3.253 -3.435 -2.455 -3.735 -4.236 -4.837 -5.452 -5.731 -4.974
0.00400 1.00e+10 0.9255561829    0.846  3.147  3.5732  0.463    7  0.000  0.463     0.00     0.00 -1         0      0.00 7.299e-01 2.662e-01 5.981e-04 2.904e-04 1.724e-03 -1.000 3.916e-03 -3.098 2.840 -0.881 -2.312 -2.963 -3.292 -3.477 -2.477 -3.774 -4.281 -4.885 -5.504 -5.786 -5.024
0.00400 1.00e+10 0.9255569577    0.846  3.153  3.5725  0.454    7  0.000  0.462     0.00     0.00 -1         0      0.00 7.299e-01 2.662e-01 5.978e-04 2.907e-04 1.724e-03 -1.000 3.916e-03 -3.114 2.848 -0.882 -2.319 -2.974 -3.306 -3.492 -2.485 -3.788 -4.296 -4.902 -5.522 -5.805 -5.041
0.00400 1.00e+10 0.9255570173    0.846  3.145  3.5735  0.466    7  0.000  0.462     0.00     0.00 -1         0      0.00 7.299e-01 2.662e-01 5.978e-04 2.907e-04 1.724e-03 -1.000 3.916e-03 -3.092 2.836 -0.881 -2.310 -2.959 -3.287 -3.471 -2.475 -3.769 -4.275 -4.878 -5.496 -5.778 -5.017
0.00400 1.00e+10 0.9255570769    0.846  3.159  3.5719  0.446    7  0.000  0.461     0.00     0.00 -1         0      0.00 7.299e-01 2.662e-01 5.958e-04 2.933e-04 1.723e-03 -1.000 3.916e-03 -3.128 2.856 -0.883 -2.324 -2.985 -3.318 -3.505 -2.491 -3.801 -4.311 -4.917 -5.539 -5.822 -5.057
0.00400 1.00e+10 0.9255571365    0.846  3.121  3.5760  0.500    7  0.000  0.461     0.00     0.00 -1         0      0.00 7.299e-01 2.662e-01 5.958e-04 2.933e-04 1.723e-03 -1.000 3.916e-03 -3.032 2.806 -0.876 -2.286 -2.914 -3.233 -3.413 -2.445 -3.715 -4.214 -4.813 -5.426 -5.703 -4.948
0.00400 1.00e+10 0.9255572557    0.846  3.113  3.5768  0.512    7  0.000  0.461     0.00     0.00 -1         0      0.00 7.299e-01 2.662e-01 5.958e-04 2.933e-04 1.723e-03 -1.000 3.916e-03 -3.012 2.798 -0.872 -2.276 -2.898 -3.214 -3.393 -2.434 -3.696 -4.193 -4.790 -5.401 -5.677 -4.925
0.00400 1.00e+10 0.9255573153    0.846  3.116  3.5765  0.507    7  0.000  0.461     0.00     0.00 -1         0      0.00 7.299e-01 2.662e-01 5.958e-04 2.933e-04 1.723e-03 -1.000 3.916e-03 -3.019 2.801 -0.873 -2.280 -2.904 -3.221 -3.401 -2.438 -3.703 -4.201 -4.799 -5.410 -5.687 -4.933
0.00400 1.00e+10 0.9255575538    0.846  3.129  3.5752  0.489    7  0.000  0.461     0.00     0.00 -1         0      0.00 7.299e-01 2.662e-01 5.957e-04 2.933e-04 1.723e-03 -1.000 3.916e-03 -3.052 2.815 -0.878 -2.294 -2.929 -3.250 -3.432 -2.455 -3.732 -4.233 -4.834 -5.448 -5.727 -4.970
0.00400 1.00e+10 0.9255577326    0.846  3.139  3.5741  0.475    7  0.000  0.461     0.00     0.00 -1         0      0.00 7.299e-01 2.662e-01 5.957e-04 2.934e-04 1.723e-03 -1.000 3.916e-03 -3.077 2.828 -0.880 -2.305 -2.948 -3.273 -3.457 -2.468 -3.756 -4.260 -4.862 -5.479 -5.759 -5.000
0.00400 1.00e+10 0.9255579710    0.846  3.148  3.5732  0.462    7  0.000  0.461     0.00     0.00 -1         0      0.00 7.299e-01 2.662e-01 5.957e-04 2.934e-04 1.723e-03 -1.000 3.916e-03 -3.100 2.839 -0.883 -2.314 -2.965 -3.294 -3.479 -2.479 -3.776 -4.283 -4.887 -5.506 -5.787 -5.026
0.00400 1.00e+10 0.9255580902    0.846  3.156  3.5723  0.450    7  0.000  0.461     0.00     0.00 -1         0      0.00 7.299e-01 2.662e-01 5.957e-04 2.934e-04 1.723e-03 -1.000 3.916e-03 -3.121 2.850 -0.884 -2.323 -2.980 -3.313 -3.499 -2.489 -3.795 -4.304 -4.910 -5.530 -5.813 -5.049
0.00400 1.00e+10 0.9255583882    0.846  3.188  3.5688  0.405    7  0.000  0.460     0.00     0.00 -1         0      0.00 7.299e-01 2.662e-01 5.949e-04 2.944e-04 1.723e-03 -1.000 3.900e-03 -3.200 2.888 -0.885 -2.347 -3.037 -3.383 -3.575 -2.523 -3.865 -4.384 -4.996 -5.624 -5.912 -5.140
0.00400 1.00e+10 0.9255586267    0.846  3.174  3.5703  0.425    7  0.000  0.460     0.00     0.00 -1         0      0.00 7.299e-01 2.662e-01 5.949e-04 2.944e-04 1.723e-03 -1.000 3.900e-03 -3.164 2.875 -0.885 -2.338 -3.012 -3.351 -3.541 -2.509 -3.834 -4.348 -4.957 -5.582 -5.869 -5.100
0.00400 1.00e+10 0.9255589843    0.846  3.219  3.5653  0.359    7  0.000  0.460     0.00     0.00 -1         0      0.00 7.298e-01 2.662e-01 5.945e-04 2.949e-04 1.723e-03 -1.000 3.906e-03 -3.278 2.917 -0.879 -2.358 -3.090 -3.453 -3.653 -2.548 -3.936 -4.465 -5.084 -5.718 -6.011 -5.231
0.00400 1.00e+10 0.9255594015    0.846  3.272  3.5595  0.283    7  0.000  0.459     0.00     0.00 -1         0      0.00 7.298e-01 2.663e-01 5.933e-04 2.965e-04 1.723e-03 -1.000 3.930e-03 -3.411 2.964 -0.867 -2.376 -3.179 -3.571 -3.782 -2.590 -4.054 -4.602 -5.232 -5.877 -6.177 -5.385
0.00400 1.00e+10 0.9255600572    0.846  3.325  3.5534  0.206    7  0.000  0.459     0.00     0.00 -1         0      0.00 7.298e-01 2.663e-01 5.925e-04 2.975e-04 1.723e-03 -1.000 3.900e-03 -3.543 3.005 -0.836 -2.366 -3.259 -3.686 -3.911 -2.614 -4.169 -4.739 -5.379 -6.035 -6.342 -5.538
0.00400 1.00e+10 0.9255603552    0.846  3.338  3.5518  0.186    7  0.525  0.458     0.00     0.00 -1         0      0.00 7.298e-01 2.663e-01 5.923e-04 2.976e-04 1.723e-03 -1.000 3.900e-03 -3.576 3.011 -0.824 -2.356 -3.277 -3.714 -3.943 -2.615 -4.197 -4.773 -5.417 -6.074 -6.383 -5.576
0.00400 1.00e+10 0.9255604148    0.846  3.338  3.5488  0.174    8  0.525  0.480   116.44    57.66  0 -2.28e-07      0.00 7.298e-01 2.663e-01 6.215e-04 2.981e-04 1.728e-03 -1.000 3.939e-03 -3.576 3.066 -0.744 -2.272 -3.248 -3.704 -3.941 -2.554 -4.187 -4.776 -5.424 -6.087 -6.398 -5.586
0.00400 1.00e+10 0.9255604744    0.845  3.091  3.5752  0.527    8  0.525  0.479    54.44    29.87  1 -8.12e-08      0.00 7.298e-01 2.663e-01 6.215e-04 2.981e-04 1.728e-03 -1.000 3.939e-03 -2.958 2.874 -0.794 -2.202 -2.835 -3.156 -3.337 -2.363 -3.638 -4.138 -4.738 -5.354 -5.632 -4.875
0.00400 1.00e+10 0.9255605936    0.844  2.951  3.5902  0.727    8  0.525  0.479    35.35    20.56  1  -4.8e-08      0.00 7.298e-01 2.663e-01 6.215e-04 2.981e-04 1.728e-03 -1.000 3.939e-03 -2.606 2.691 -0.731 -2.034 -2.567 -2.840 -2.998 -2.171 -3.321 -3.784 -4.355 -4.937 -5.191 -4.473
0.00400 1.00e+10 0.9255607724    0.842  2.782  3.6082  0.966    8  0.525  0.479    21.08    13.15  1 -2.75e-08      0.00 7.298e-01 2.663e-01 6.215e-04 2.981e-04 1.728e-03 -1.000 3.939e-03 -2.185 2.437 -0.619 -1.782 -2.228 -2.458 -2.590 -1.904 -2.938 -3.358 -3.894 -4.434 -4.659 -3.991
0.00400 1.00e+10 0.9255610108    0.840  2.801  3.6061  0.937    8  0.525  0.479    22.44    13.86  1 -2.93e-08      0.00 7.298e-01 2.663e-01 6.215e-04 2.981e-04 1.728e-03 -1.000 3.939e-03 -2.233 2.470 -0.632 -1.812 -2.267 -2.502 -2.637 -1.935 -2.981 -3.407 -3.947 -4.492 -4.720 -4.046
0.00400 1.00e+10 0.9255613685    0.837  2.928  3.5923  0.754    8  0.525  0.479    33.31    19.48  1 -4.48e-08      0.00 7.298e-01 2.663e-01 6.215e-04 2.981e-04 1.728e-03 -1.000 3.939e-03 -2.550 2.669 -0.713 -2.000 -2.521 -2.789 -2.943 -2.134 -3.270 -3.727 -4.294 -4.871 -5.121 -4.410
0.00400 1.00e+10 0.9255617857    0.833  3.094  3.5743  0.514    8  0.526  0.479    55.91    30.43  1 -8.36e-08      0.00 7.298e-01 2.663e-01 6.215e-04 2.981e-04 1.728e-03 -1.000 3.939e-03 -2.965 2.899 -0.783 -2.197 -2.837 -3.161 -3.344 -2.359 -3.643 -4.146 -4.747 -5.365 -5.645 -4.886
0.00400 1.00e+10 0.9255622625    0.829  3.231  3.5592  0.314    8  0.526  0.479    86.07    44.10  1 -1.48e-07      0.00 7.298e-01 2.663e-01 6.215e-04 2.981e-04 1.728e-03 -1.000 3.939e-03 -3.308 3.043 -0.770 -2.271 -3.074 -3.467 -3.679 -2.486 -3.950 -4.498 -5.128 -5.775 -6.075 -5.282
0.00400 1.00e+10 0.9255627990    0.824  3.320  3.5492  0.182    8  0.526  0.479   114.30    56.23  0 -2.19e-07      0.00 7.298e-01 2.663e-01 6.215e-04 2.981e-04 1.728e-03 -1.000 3.939e-03 -3.531 3.098 -0.712 -2.239 -3.207 -3.661 -3.897 -2.518 -4.143 -4.731 -5.378 -6.041 -6.351 -5.540
0.00400 1.00e+10 0.9255633950    0.818  3.368  3.5436  0.109    8  0.527  0.479   133.88    64.31  0 -2.73e-07      0.00 7.298e-01 2.663e-01 6.215e-04 2.981e-04 1.728e-03 -1.000 3.939e-03 -3.651 3.126 -0.664 -2.197 -3.271 -3.762 -4.014 -2.519 -4.245 -4.856 -5.514 -6.185 -6.501 -5.680
0.00400 1.00e+10 0.9255641103    0.812  3.392  3.5405  0.069    8  0.527  0.479   145.80    69.03  0 -3.07e-07      0.00 7.298e-01 2.663e-01 6.215e-04 2.981e-04 1.728e-03 -1.000 3.939e-03 -3.711 3.144 -0.622 -2.154 -3.295 -3.809 -4.071 -2.507 -4.292 -4.920 -5.582 -6.258 -6.576 -5.751
0.00400 1.00e+10 0.9255648851    0.805  3.408  3.5384  0.042    8  0.528  0.480   154.75    72.44  0 -3.33e-07      0.00 7.298e-01 2.663e-01 6.215e-04 2.981e-04 1.728e-03 -1.000 3.939e-03 -3.749 3.157 -0.581 -2.108 -3.304 -3.836 -4.108 -2.487 -4.320 -4.961 -5.628 -6.305 -6.625 -5.797
0.00400 1.00e+10 0.9255649447    0.804  3.216  3.5595  0.317    8  0.528  0.479    85.42    43.33  1 -1.44e-07      0.00 7.298e-01 2.663e-01 6.215e-04 2.981e-04 1.728e-03 -1.000 3.939e-03 -3.271 3.072 -0.739 -2.239 -3.039 -3.431 -3.641 -2.452 -3.913 -4.461 -5.090 -5.736 -6.036 -5.244
0.00400 1.00e+10 0.9255650043    0.803  3.029  3.5801  0.586    8  0.528  0.479    47.79    26.22  1 -6.83e-08      0.00 7.298e-01 2.663e-01 6.215e-04 2.981e-04 1.728e-03 -1.000 3.939e-03 -2.803 2.864 -0.737 -2.113 -2.709 -3.013 -3.187 -2.264 -3.495 -3.982 -4.573 -5.178 -5.448 -4.704
0.00400 1.00e+10 0.9255651832    0.801  2.859  3.5989  0.830    8  0.528  0.479    28.24    16.62  1 -3.75e-08      0.00 7.298e-01 2.663e-01 6.215e-04 2.981e-04 1.728e-03 -1.000 3.939e-03 -2.379 2.607 -0.656 -1.895 -2.382 -2.633 -2.777 -2.023 -3.113 -3.555 -4.109 -4.670 -4.910 -4.216
0.00400 1.00e+10 0.9255653620    0.798  2.877  3.5970  0.803    8  0.528  0.479    29.91    17.44  1    -4e-08      0.00 7.298e-01 2.663e-01 6.215e-04 2.981e-04 1.728e-03 -1.000 3.939e-03 -2.422 2.637 -0.666 -1.920 -2.417 -2.672 -2.819 -2.050 -3.152 -3.599 -4.157 -4.722 -4.965 -4.266
0.00400 1.00e+10 0.9255656600    0.795  2.999  3.5834  0.624    8  0.528  0.479    43.99    24.31  1 -6.21e-08      0.00 7.298e-01 2.663e-01 6.215e-04 2.981e-04 1.728e-03 -1.000 3.939e-03 -2.728 2.831 -0.726 -2.082 -2.654 -2.946 -3.114 -2.227 -3.428 -3.907 -4.492 -5.089 -5.355 -4.618
0.00400 1.00e+10 0.9255659580    0.790  3.159  3.5655  0.390    8  0.529  0.479    72.91    37.54  1 -1.17e-07      0.00 7.298e-01 2.663e-01 6.215e-04 2.981e-04 1.728e-03 -1.000 3.939e-03 -3.129 3.035 -0.742 -2.212 -2.941 -3.304 -3.502 -2.402 -3.786 -4.315 -4.933 -5.568 -5.860 -5.080
0.00400 1.00e+10 0.9255663753    0.785  3.291  3.5506  0.196    8  0.529  0.479   110.76    53.75  0 -2.06e-07      0.00 7.298e-01 2.663e-01 6.215e-04 2.981e-04 1.728e-03 -1.000 3.939e-03 -3.458 3.138 -0.679 -2.205 -3.148 -3.592 -3.825 -2.474 -4.075 -4.656 -5.301 -5.962 -6.271 -5.462
0.00400 1.00e+10 0.9255667925    0.780  3.375  3.5410  0.071    8  0.529  0.479   145.13    67.68  0 -3.03e-07      0.00 7.298e-01 2.663e-01 6.215e-04 2.981e-04 1.728e-03 -1.000 3.939e-03 -3.667 3.179 -0.595 -2.129 -3.258 -3.769 -4.028 -2.476 -4.252 -4.876 -5.538 -6.213 -6.531 -5.706
0.00400 1.00e+10 0.9255672693    0.773  3.418  3.5359  0.004    8  0.530  0.479   167.68    76.42  0 -3.73e-07      0.00 7.298e-01 2.663e-01 6.215e-04 2.981e-04 1.728e-03 -1.000 3.939e-03 -3.775 3.196 -0.514 -2.038 -3.297 -3.850 -4.132 -2.448 -4.333 -4.990 -5.661 -6.341 -6.663 -5.831
0.00400 1.00e+10 0.9255678654    0.766  3.437  3.5335 -0.029    8  0.530  0.479   180.01    80.92  0 -4.13e-07      0.00 7.298e-01 2.663e-01 6.215e-04 2.981e-04 1.728e-03 -1.000 3.939e-03 -3.822 3.205 -0.467 -1.986 -3.312 -3.885 -4.178 -2.428 -4.369 -5.041 -5.717 -6.399 -6.722 -5.888
0.00400 1.00e+10 0.9255684614    0.758  3.447  3.5320 -0.049    8  0.531  0.480   188.18    83.70  0  -4.4e-07      0.00 7.298e-01 2.663e-01 6.215e-04 2.981e-04 1.728e-03 -1.000 3.939e-03 -3.848 3.215 -0.435 -1.951 -3.317 -3.903 -4.202 -2.413 -4.387 -5.069 -5.748 -6.431 -6.755 -5.919
0.00400 1.00e+10 0.9255685210    0.758  3.265  3.5528  0.215    8  0.531  0.479   106.34    51.09  0 -1.96e-07      0.00 7.298e-01 2.663e-01 6.215e-04 2.981e-04 1.728e-03 -1.000 3.939e-03 -3.394 3.153 -0.677 -2.203 -3.105 -3.535 -3.761 -2.455 -4.018 -4.590 -5.231 -5.888 -6.195 -5.390
0.00400 1.00e+10 0.9255685806    0.756  3.080  3.5742  0.485    8  0.531  0.479    59.40    30.84  1 -9.16e-08      0.00 7.298e-01 2.663e-01 6.215e-04 2.981e-04 1.728e-03 -1.000 3.939e-03 -2.930 2.962 -0.739 -2.160 -2.801 -3.126 -3.309 -2.322 -3.608 -4.112 -4.714 -5.330 -5.611 -4.851
0.00400 1.00e+10 0.9255687594    0.752  2.910  3.5940  0.732    8  0.531  0.479    34.90    19.43  1 -4.95e-08      0.00 7.298e-01 2.663e-01 6.215e-04 2.981e-04 1.728e-03 -1.000 3.939e-03 -2.506 2.690 -0.691 -1.973 -2.486 -2.750 -2.902 -2.105 -3.230 -3.685 -4.249 -4.820 -5.068 -4.361
0.00400 1.00e+10 0.9255689979    0.748  2.928  3.5926  0.706    8  0.531  0.479    36.94    20.35  1 -5.35e-08      0.00 7.298e-01 2.663e-01 6.215e-04 2.981e-04 1.728e-03 -1.000 3.939e-03 -2.550 2.706 -0.707 -2.001 -2.523 -2.791 -2.945 -2.136 -3.272 -3.730 -4.296 -4.871 -5.121 -4.411
0.00400 1.00e+10 0.9255693555    0.742  3.049  3.5794  0.529    8  0.532  0.479    54.11    28.20  1 -8.51e-08      0.00 7.298e-01 2.663e-01 6.215e-04 2.981e-04 1.728e-03 -1.000 3.939e-03 -2.852 2.882 -0.761 -2.151 -2.754 -3.061 -3.236 -2.304 -3.543 -4.033 -4.626 -5.230 -5.503 -4.756
0.00400 1.00e+10 0.9255697131    0.734  3.206  3.5621  0.298    8  0.532  0.479    89.05    43.17  1 -1.64e-07      0.00 7.298e-01 2.663e-01 6.215e-04 2.981e-04 1.728e-03 -1.000 3.939e-03 -3.245 3.067 -0.760 -2.260 -3.032 -3.412 -3.618 -2.464 -3.895 -4.435 -5.060 -5.699 -5.996 -5.210
0.00400 1.00e+10 0.9255701900    0.726  3.335  3.5481  0.108    8  0.532  0.479   134.41    61.25  0 -2.95e-07      0.00 7.298e-01 2.663e-01 6.215e-04 2.981e-04 1.728e-03 -1.000 3.939e-03 -3.568 3.145 -0.693 -2.237 -3.231 -3.695 -3.934 -2.526 -4.177 -4.771 -5.421 -6.084 -6.397 -5.583
0.00400 1.00e+10 0.9255706668    0.716  3.418  3.5395 -0.015    8  0.533  0.479   175.20    76.47  0 -4.41e-07      0.00 7.298e-01 2.663e-01 6.215e-04 2.981e-04 1.728e-03 -1.000 3.939e-03 -3.774 3.167 -0.618 -2.167 -3.342 -3.867 -4.134 -2.535 -4.350 -4.986 -5.652 -6.326 -6.648 -5.820
0.00400 1.00e+10 0.9255712628    0.706  3.460  3.5356 -0.079    8  0.534  0.479   201.65    85.61  0 -5.56e-07      0.00 7.298e-01 2.663e-01 6.215e-04 2.981e-04 1.728e-03 -1.000 3.939e-03 -3.880 3.161 -0.567 -2.112 -3.395 -3.954 -4.239 -2.533 -4.438 -5.099 -5.772 -6.449 -6.773 -5.941
0.00400 1.00e+10 0.9255719185    0.694  3.479  3.5346 -0.110    8  0.534  0.479   215.91    89.89  0 -6.33e-07      0.00 7.298e-01 2.663e-01 6.215e-04 2.981e-04 1.728e-03 -1.000 3.939e-03 -3.929 3.150 -0.565 -2.113 -3.428 -3.997 -4.287 -2.549 -4.480 -5.150 -5.825 -6.502 -6.827 -5.994
0.00400 1.00e+10 0.9255726337    0.681  3.490  3.5346 -0.128    8  0.535  0.480   225.32    92.11  0 -6.95e-07      0.00 7.298e-01 2.663e-01 6.215e-04 2.981e-04 1.728e-03 -1.000 3.939e-03 -3.955 3.137 -0.584 -2.137 -3.454 -4.024 -4.314 -2.574 -4.507 -5.177 -5.852 -6.529 -6.854 -6.021
0.00400 1.00e+10 0.9255726933    0.680  3.321  3.5550  0.122    8  0.535  0.479   131.35    57.72  0 -3.25e-07      0.00 7.298e-01 2.663e-01 6.215e-04 2.981e-04 1.728e-03 -1.000 3.939e-03 -3.532 3.069 -0.835 -2.391 -3.262 -3.680 -3.902 -2.628 -4.162 -4.728 -5.367 -6.017 -6.325 -5.523
0.00400 1.00e+10 0.9255727530    0.678  3.137  3.5776  0.395    8  0.535  0.479    72.96    34.64  1 -1.52e-07      0.00 7.298e-01 2.663e-01 6.215e-04 2.981e-04 1.728e-03 -1.000 3.939e-03 -3.072 2.832 -0.910 -2.340 -2.964 -3.279 -3.458 -2.497 -3.761 -4.258 -4.855 -5.459 -5.735 -4.985
0.00400 1.00e+10 0.9255729318    0.674  2.967  3.5993  0.649    8  0.535  0.479    42.23    21.50  1 -8.13e-08      0.00 7.298e-01 2.663e-01 6.215e-04 2.981e-04 1.728e-03 -1.000 3.939e-03 -2.647 2.487 -0.895 -2.163 -2.654 -2.906 -3.051 -2.291 -3.385 -3.830 -4.385 -4.939 -5.179 -4.488
0.00400 1.00e+10 0.9255732298    0.668  2.984  3.5994  0.629    8  0.535  0.479    44.17    22.21  1 -8.96e-08      0.00 7.298e-01 2.663e-01 6.215e-04 2.981e-04 1.728e-03 -1.000 3.939e-03 -2.690 2.457 -0.935 -2.206 -2.698 -2.950 -3.094 -2.334 -3.429 -3.874 -4.428 -4.980 -5.221 -4.531
0.00400 1.00e+10 0.9255735278    0.661  3.101  3.5883  0.463    8  0.536  0.479    63.35    30.09  1 -1.46e-07      0.00 7.298e-01 2.663e-01 6.215e-04 2.981e-04 1.728e-03 -1.000 3.939e-03 -2.982 2.601 -1.020 -2.382 -2.935 -3.216 -3.378 -2.522 -3.697 -4.168 -4.745 -5.323 -5.582 -4.861
0.00400 1.00e+10 0.9255739450    0.653  3.253  3.5735  0.246    8  0.536  0.479   101.44    44.71  0 -2.85e-07      0.00 7.298e-01 2.663e-01 6.215e-04 2.981e-04 1.728e-03 -1.000 3.939e-03 -3.362 2.776 -1.081 -2.566 -3.229 -3.561 -3.747 -2.733 -4.043 -4.554 -5.159 -5.768 -6.052 -5.292
0.00400 1.00e+10 0.9255743623    0.643  3.378  3.5626  0.071    8  0.537  0.479   148.73    61.38  0 -5.21e-07      0.00 7.298e-01 2.663e-01 6.215e-04 2.981e-04 1.728e-03 -1.000 3.939e-03 -3.674 2.841 -1.120 -2.681 -3.463 -3.845 -4.052 -2.885 -4.327 -4.871 -5.498 -6.127 -6.428 -5.643
0.00400 1.00e+10 0.9255748987    0.632  3.456  3.5576 -0.036    8  0.537  0.479   188.27    73.94  0 -7.94e-07      0.00 7.298e-01 2.663e-01 6.215e-04 2.981e-04 1.728e-03 -1.000 3.939e-03 -3.871 2.827 -1.174 -2.775 -3.621 -4.030 -4.247 -3.000 -4.511 -5.073 -5.709 -6.346 -6.655 -5.858
0.00400 1.00e+10 0.9255754948    0.619  3.496  3.5578 -0.083    8  0.538  0.479   210.54    79.60  0 -1.03e-06      0.00 7.298e-01 2.663e-01 6.215e-04 2.981e-04 1.728e-03 -1.000 3.939e-03 -3.971 2.763 -1.256 -2.872 -3.722 -4.131 -4.349 -3.098 -4.613 -5.175 -5.812 -6.446 -6.755 -5.959
0.00400 1.00e+10 0.9255762100    0.606  3.514  3.5613 -0.096    8  0.538  0.479   219.23    79.99  0 -1.21e-06      0.00 7.298e-01 2.663e-01 6.215e-04 2.981e-04 1.728e-03 -1.000 3.939e-03 -4.014 2.672 -1.365 -2.978 -3.791 -4.185 -4.396 -3.191 -4.666 -5.219 -5.849 -6.474 -6.778 -5.992
0.00400 1.00e+10 0.9255769253    0.591  3.522  3.5664 -0.095    8  0.539  0.480   222.98    77.87  0 -1.38e-06      0.00 7.298e-01 2.663e-01 6.215e-04 2.981e-04 1.728e-03 -1.000 3.939e-03 -4.036 2.563 -1.492 -3.095 -3.851 -4.222 -4.423 -3.288 -4.702 -5.241 -5.862 -6.474 -6.772 -5.997
0.00400 1.00e+10 0.9255769253    0.591  3.364  3.5858  0.140    8  0.539  0.479   134.46    50.21  0 -6.84e-07      0.00 7.298e-01 2.663e-01 6.215e-04 2.981e-04 1.728e-03 -1.000 3.939e-03 -3.641 2.330 -1.538 -2.995 -3.581 -3.877 -4.044 -3.139 -4.356 -4.841 -5.425 -5.995 -6.261 -5.537
0.00400 1.00e+10 0.9255769849    0.590  3.182  3.6086  0.413    8  0.539  0.479    74.73    30.10  1 -3.23e-07      0.00 7.298e-01 2.663e-01 6.215e-04 2.981e-04 1.728e-03 -1.000 3.939e-03 -3.185 1.909 -1.514 -2.774 -3.238 -3.473 -3.607 -2.895 -3.951 -4.380 -4.917 -5.437 -5.664 -5.004
0.00400 1.00e+10 0.9255771041    0.588  3.011  3.6306  0.671    8  0.539  0.479    43.01    18.54  1 -1.73e-07      0.00 7.298e-01 2.663e-01 6.215e-04 2.981e-04 1.728e-03 -1.000 3.939e-03 -2.757 1.484 -1.437 -2.513 -2.893 -3.083 -3.190 -2.626 -3.562 -3.939 -4.430 -4.906 -5.099 -4.498
0.00400 1.00e+10 0.9255772233    0.585  3.026  3.6306  0.654    8  0.539  0.479    44.85    19.04  1 -1.87e-07      0.00 7.298e-01 2.663e-01 6.215e-04 2.981e-04 1.728e-03 -1.000 3.939e-03 -2.795 1.459 -1.473 -2.551 -2.932 -3.122 -3.229 -2.664 -3.600 -3.978 -4.468 -4.944 -5.137 -4.536
0.00400 1.00e+10 0.9255774021    0.581  3.138  3.6194  0.494    8  0.539  0.479    63.77    25.45  1 -2.93e-07      0.00 7.298e-01 2.663e-01 6.215e-04 2.981e-04 1.728e-03 -1.000 3.939e-03 -3.076 1.626 -1.579 -2.752 -3.174 -3.386 -3.505 -2.869 -3.864 -4.267 -4.782 -5.279 -5.489 -4.858
0.00400 1.00e+10 0.9255775809    0.577  3.284  3.6046  0.285    8  0.540  0.479   100.95    37.17  0 -5.47e-07      0.00 7.298e-01 2.663e-01 6.215e-04 2.981e-04 1.728e-03 -1.000 3.939e-03 -3.441 1.896 -1.674 -2.988 -3.477 -3.723 -3.863 -3.113 -4.201 -4.642 -5.187 -5.713 -5.947 -5.276
0.00400 1.00e+10 0.9255778193    0.572  3.404  3.5935  0.118    8  0.540  0.479   146.75    50.10  0 -9.52e-07      0.00 7.298e-01 2.663e-01 6.215e-04 2.981e-04 1.728e-03 -1.000 3.939e-03 -3.739 2.063 -1.753 -3.172 -3.721 -3.997 -4.153 -3.307 -4.475 -4.944 -5.513 -6.061 -6.314 -5.613
0.00400 1.00e+10 0.9255780578    0.567  3.478  3.5884  0.019    8  0.540  0.479   185.10    59.19  0 -1.39e-06      0.00 7.298e-01 2.663e-01 6.215e-04 2.981e-04 1.728e-03 -1.000 3.939e-03 -3.924 2.105 -1.825 -3.298 -3.879 -4.171 -4.335 -3.440 -4.649 -5.132 -5.711 -6.269 -6.531 -5.816
0.00400 1.00e+10 0.9255783558    0.560  3.514  3.5883 -0.022    8  0.540  0.479   207.73    62.28  0 -1.73e-06      0.00 7.298e-01 2.663e-01 6.215e-04 2.981e-04 1.728e-03 -1.000 3.939e-03 -4.014 2.056 -1.901 -3.384 -3.969 -4.262 -4.426 -3.527 -4.740 -5.224 -5.803 -6.359 -6.622 -5.908
0.00400 1.00e+10 0.9255787134    0.553  3.527  3.5916 -0.028    8  0.541  0.479   220.14    60.53  0 -1.95e-06      0.00 7.298e-01 2.663e-01 6.215e-04 2.981e-04 1.728e-03 -1.000 3.939e-03 -4.048 1.950 -1.985 -3.451 -4.020 -4.305 -4.465 -3.590 -4.783 -5.259 -5.832 -6.379 -6.636 -5.932
0.00400 1.00e+10 0.9255790710    0.546  3.532  3.5963 -0.019    8  0.541  0.480   239.14    54.90  0 -2.13e-06      0.00 7.298e-01 2.663e-01 6.215e-04 2.981e-04 1.728e-03 -1.000 3.939e-03 -4.059 1.813 -2.078 -3.514 -4.058 -4.330 -4.483 -3.648 -4.807 -5.273 -5.837 -6.371 -6.620 -5.930
0.00400 1.00e+10 0.9255797863    0.546 -9.999  4.0710  2.037    9  0.546  0.000     0.00     0.00 -1         0      0.00 7.298e-01 2.663e-01 6.215e-04 2.981e-04 1.728e-03 -1.000 3.939e-03 29.767 30.625 30.257 30.537 30.789 30.944 31.051 30.397 30.456 30.534 30.562 30.575 30.589 30.555
#isochrone terminated
